Verb,NP_len,PP_len,Len_diff,Len,Arg_status,Pronominality,Order
condemnar,5,8,3,1,1,0,1
anar,4,4,0,0,-1,0,1
instal·lar,7,14,7,1,1,0,1
dipositar,2,3,1,1,1,0,1
participar,3,7,4,1,1,0,1
aportar,2,2,0,0,1,0,1
repartir,17,9,8,1,-1,0,1
mantenir,1,18,17,1,1,0,1
introduir,1,5,4,1,1,0,1
justificar,3,10,7,1,1,0,1
dinamitzar,4,24,20,1,1,0,1
rebre,11,3,8,1,-1,0,1
augmentar,5,25,20,1,1,0,1
estudiar,3,8,5,1,1,0,1
rebre,7,3,4,1,-1,0,1
obrir,10,5,-5,-1,1,0,1
obrir,5,10,5,1,1,0,1
convocar,3,15,12,1,1,0,1
comptar,6,2,-4,-1,1,0,1
dur,1,6,5,1,1,1,1
dictar,2,2,0,0,1,0,1
detectar,8,12,4,1,1,0,1
provocar,3,3,0,0,1,0,1
funcionar,14,6,8,1,-1,0,1
incidir,6,3,-3,-1,1,0,1
quedar,2,8,6,1,1,0,1
donar,1,16,15,1,1,0,1
estar,4,7,3,1,1,0,1
tenir,13,22,9,1,1,0,1
disposar,11,3,8,1,-1,0,1
seleccionar,30,12,18,1,-1,0,1
aprovar,21,2,19,1,-1,0,1
cobrir,4,5,1,1,1,0,1
desviar,11,5,6,1,-1,0,1
presentar,2,2,0,0,1,0,1
adequar,2,5,3,1,1,0,1
arribar,3,11,8,1,1,0,1
afectar,25,3,22,1,-1,0,1
arribar,3,4,1,1,1,0,1
interposar,2,2,0,0,1,0,1
abocar,2,4,2,1,1,0,1
potenciar,27,2,25,1,-1,0,1
reiterar,18,22,4,1,1,0,1
incrementar,6,6,0,0,1,0,1
nomenar,6,3,-3,-1,1,0,1
impulsar,7,3,-4,-1,1,0,1
presentar,5,4,-1,-1,1,0,1
generar,2,12,10,1,1,0,1
donar,5,3,2,1,-1,0,1
presentar,28,4,24,1,-1,0,1
recuperar,1,3,2,1,1,1,1
iniciar,4,6,2,1,1,0,1
eliminar,4,3,-1,-1,1,0,1
buscar,24,6,18,1,-1,0,1
violar,3,4,1,1,1,0,1
valorar,6,13,7,1,1,0,1
escoltar,5,3,-2,-1,1,0,1
formular,2,3,1,1,1,0,1
apartar,1,2,1,1,1,1,1
provar,57,3,54,1,-1,0,1
iniciar,6,15,9,1,1,0,1
efectuar,27,6,21,1,-1,0,1
continuar,2,10,8,1,1,0,1
complir,5,2,-3,-1,1,0,1
treure,2,3,1,1,1,0,1
introduir,2,2,0,0,1,0,1
imposar,4,24,20,1,1,0,1
preveure,2,4,-2,-1,-1,0,1
rebre,2,9,7,1,1,0,1
proposar,15,12,-3,-1,1,0,1
responsabilitzar,5,2,3,1,-1,0,1
conèixer,3,8,5,1,1,0,1
endur-se,1,19,18,1,1,1,1
llençar,1,2,1,1,1,1,1
subjectar,1,2,1,1,1,1,1
esperar,2,5,3,1,1,0,1
assecar,1,4,3,1,1,1,1
patir,8,3,5,1,-1,0,1
posar,1,2,1,1,1,1,1
lligar,1,4,3,1,1,1,1
invertir,4,13,9,1,1,0,1
fer,4,3,-1,-1,1,0,1
invertir,4,7,3,1,1,0,1
multiplicar,2,2,0,0,1,0,1
reforçar,8,7,-1,-1,1,0,1
superar,3,3,0,0,1,0,1
recórrer,3,4,1,1,1,0,1
realitzar,3,2,-1,-1,1,0,1
plantejar,18,10,8,1,-1,0,1
plantejar,29,10,19,1,-1,0,1
secundar,2,7,5,1,1,0,1
rebre,13,12,-1,-1,1,0,1
comptar,54,3,51,1,-1,0,1
fer,1,2,1,1,1,0,1
potenciar,2,3,1,1,1,0,1
repetir,1,3,2,1,1,0,1
estendre,1,6,5,1,1,1,1
equipar,3,5,-2,-1,-1,0,1
tenir,4,9,5,1,1,0,1
mostrar,2,29,27,1,1,0,1
acollir,10,8,2,1,-1,0,1
quedar,1,3,2,1,1,0,1
impartir,10,7,3,1,-1,0,1
suposar,5,4,-1,-1,1,0,1
portar,12,2,10,1,-1,0,1
produir,4,6,-2,-1,-1,0,1
dirigir,10,6,-4,-1,1,0,1
fer,2,3,1,1,1,0,1
saltar,3,3,0,0,-1,0,1
anar,4,3,1,1,-1,0,1
publicar,13,3,-10,-1,1,0,1
representar,2,34,32,1,1,0,1
fer,2,2,0,0,1,0,1
presentar,3,7,4,1,1,0,1
mantenir,2,16,14,1,1,0,1
mantenir,1,36,35,1,1,0,1
rebre,2,5,3,1,1,0,1
il·luminar,5,16,11,1,1,0,1
escollir,5,12,7,1,1,0,1
projectar,4,3,1,1,-1,0,1
superar,3,3,0,0,-1,0,1
incrementar,2,10,8,1,1,0,1
mantenir,1,13,12,1,1,0,1
retirar,4,2,2,1,-1,0,1
anar,4,3,1,1,-1,0,1
alertar,3,3,0,0,1,0,1
iniciar,3,12,9,1,1,0,1
celebrar,16,2,14,1,-1,0,1
reunir,3,3,0,0,1,0,1
acollir,25,7,18,1,-1,0,1
constituir,7,10,3,1,1,0,1
tenir,2,2,0,0,1,0,1
fer,2,5,3,1,1,0,1
donar,1,7,6,1,1,0,1
anar,6,5,1,1,-1,0,1
estar,1,6,5,1,1,0,1
invertir,2,8,6,1,1,0,1
crear,5,3,-2,-1,1,0,1
inaugurar,5,2,3,1,-1,0,1
fer,4,7,3,1,1,0,1
abordar,6,21,15,1,1,0,1
atracar,9,3,6,1,-1,0,1
treure,1,4,3,1,1,0,1
retirar,2,2,0,0,1,0,1
localitzar,10,5,5,1,-1,0,1
posar,15,7,-8,-1,1,0,1
representar,7,5,2,1,-1,0,1
liderar,9,4,5,1,-1,0,1
prendre,1,16,15,1,1,0,1
invertir,6,25,19,1,1,0,1
esdevenir,2,7,5,1,1,0,1
omplir,5,9,4,1,1,0,1
recollir,2,5,3,1,1,0,1
concórrer,2,2,0,0,1,0,1
convocar,13,5,-8,-1,1,0,1
distendre,3,5,2,1,1,0,1
concórrer,3,2,-1,-1,1,0,1
millorar,7,13,6,1,1,0,1
visitar,1,12,11,1,1,0,1
anar,2,9,7,1,1,0,1
accedir,13,3,10,1,-1,0,1
resoldre,3,7,4,1,1,0,1
instruir,2,10,8,1,1,0,1
dipositar,2,2,0,0,1,0,1
dipositar,1,2,1,1,1,0,1
vigilar,5,3,-2,-1,1,0,1
omplir,2,4,2,1,1,0,1
posar,3,27,24,1,1,0,1
invertir,4,16,12,1,1,0,1
cobrir,9,3,6,1,-1,0,1
promocionar,3,5,-2,-1,-1,0,1
emparar,37,3,34,1,-1,0,1
evitar,6,3,3,1,-1,0,1
portar,17,6,11,1,-1,0,1
organitzar,5,5,0,0,-1,0,1
fer,4,5,1,1,1,0,1
fer,3,10,7,1,1,0,1
ajudar,4,6,2,1,1,0,1
augmentar,4,5,-1,-1,-1,0,1
interposar,5,7,2,1,1,0,1
impedir,20,4,16,1,-1,0,1
esdevenir,4,4,0,0,1,0,1
reduir,9,4,5,1,-1,0,1
valorar,13,4,9,1,-1,0,1
emetre,2,2,0,0,1,0,1
patir,8,9,1,1,1,0,1
acordar,2,6,4,1,1,0,1
col·laborar,5,13,8,1,1,0,1
col·laborar,5,8,3,1,1,0,1
col·laborar,3,19,16,1,1,0,1
col·laborar,3,6,3,1,1,0,1
abordar,2,3,-1,-1,-1,0,1
treballar,13,7,6,1,-1,0,1
oferir,2,6,4,1,1,0,1
celebrar,4,2,-2,-1,1,0,1
fer,1,14,13,1,1,0,1
fer,2,21,19,1,1,0,1
entrar,2,3,-1,-1,-1,0,1
traslladar,14,2,12,1,-1,0,1
presentar,1,3,2,1,1,0,1
presentar,4,11,7,1,1,0,1
portar,1,3,2,1,1,0,1
provocar,9,5,-4,-1,1,0,1
presentar,5,5,0,0,-1,0,1
signar,41,5,36,1,-1,0,1
repartir,2,3,1,1,1,0,1
acomiadar,36,3,33,1,-1,0,1
recollir,42,3,39,1,-1,0,1
quedar,3,9,6,1,1,0,1
edificar,10,8,2,1,-1,0,1
atracar,6,6,0,0,1,0,1
atracar,6,6,0,0,1,0,1
tenir,1,3,2,1,1,0,1
fer,2,3,1,1,1,0,1
entrar,3,18,-15,-1,-1,0,1
obtenir,5,3,2,1,-1,0,1
conèixer,2,2,0,0,-1,1,1
ingressar,5,5,0,0,1,0,1
introduir,4,3,1,1,-1,0,1
sofrir,4,2,-2,-1,1,0,1
tenir,2,3,1,1,1,0,1
recollir,2,5,3,1,1,0,1
treure,2,2,0,0,1,0,1
passar,8,7,-1,-1,1,0,1
passar,3,8,-5,-1,-1,0,1
passar,3,3,0,0,-1,0,1
passar,4,4,0,0,-1,0,1
redactar,2,5,3,1,1,0,1
tenir,2,3,1,1,1,0,1
tenir,2,10,8,1,1,0,1
amenaçar,1,3,2,1,1,1,1
venir,3,2,1,1,-1,0,1
confiscar,7,13,6,1,1,0,1
tenir,3,3,0,0,1,0,1
recórrer,5,7,2,1,1,0,1
atènyer,4,10,6,1,1,0,1
ingressar,1,4,3,1,1,0,1
crear,3,8,5,1,1,0,1
presentar,4,21,17,1,1,0,1
enviar,1,2,1,1,1,0,1
fonamentar,8,34,26,1,1,0,1
doblar,4,2,-2,-1,1,0,1
millorar,5,5,0,0,-1,0,1
insistir,4,4,0,0,-1,0,1
fer,2,6,4,1,1,0,1
anar,8,5,3,1,-1,0,1
fer,2,5,3,1,1,0,1
publicar,2,14,12,1,1,0,1
obrir,5,3,2,1,-1,0,1
aprofundir,15,35,20,1,1,0,1
oferir,9,4,-5,-1,1,0,1
manipular,2,6,4,1,1,0,1
retirar,2,5,3,1,1,0,1
tenir,26,4,22,1,-1,0,1
realitzar,8,3,5,1,-1,0,1
denunciar,12,11,-1,-1,1,0,1
filtrar,1,4,3,1,1,0,1
cometre,1,3,2,1,1,0,1
filtrar,1,4,3,1,1,0,1
trigar,1,3,2,1,1,0,1
prendre,2,9,7,1,1,0,1
regularitzar,16,5,-11,-1,1,0,1
detenir,8,23,15,1,1,0,1
sol·licitar,6,2,-4,-1,1,0,1
anar,7,7,0,0,-1,0,1
tramitar,1,3,2,1,1,1,1
oferir,1,8,7,1,1,1,1
practicar,2,4,2,1,1,0,1
treballar,25,4,21,1,-1,0,1
demanar,7,14,7,1,1,0,1
matar,3,2,-1,-1,1,0,1
demanar,12,3,9,1,-1,0,1
atacar,3,5,2,1,1,0,1
provocar,4,8,4,1,1,0,1
cobrar,5,14,9,1,1,0,1
posar,1,2,1,1,1,1,1
cobrar,3,8,5,1,1,0,1
desplaçar,3,6,3,1,1,0,1
presentar,1,4,3,1,1,0,1
presentar,3,5,2,1,1,0,1
conèixer,18,2,16,1,-1,1,1
acollir,25,2,23,1,-1,0,1
fer,4,5,1,1,1,0,1
deixar,4,5,1,1,1,0,1
iniciar,4,7,3,1,1,0,1
donar,1,6,5,1,1,0,1
expressar,3,3,0,0,1,0,1
fer,2,3,1,1,1,0,1
morir,10,3,7,1,-1,0,1
fomentar,6,4,-2,-1,1,0,1
comptar,11,6,-5,-1,1,0,1
romandre,1,6,5,1,1,0,1
gestionar,31,4,27,1,-1,0,1
depositar,8,10,2,1,1,0,1
mantenir,5,7,2,1,1,0,1
publicar,4,2,-2,-1,1,0,1
publicar,5,5,0,0,1,0,1
publicar,2,6,4,1,1,0,1
canviar,3,6,3,1,1,0,1
anar,8,7,-1,-1,1,0,1
fer,4,5,1,1,1,0,1
expressar,7,42,35,1,1,0,1
actuar,6,4,2,1,-1,0,1
inserir,2,4,2,1,1,0,1
distingir,8,4,4,1,-1,0,1
interrompre,6,5,1,1,-1,0,1
parlar,2,5,3,1,1,0,1
unir,3,4,-1,-1,-1,0,1
fer,1,5,4,1,1,1,1
calcular,5,6,1,1,1,0,1
utilitzar,5,5,0,0,1,0,1
privatitzar,4,2,-2,-1,1,0,1
invertir,5,10,5,1,1,0,1
presentar,7,3,4,1,-1,0,1
augmentar,3,45,42,1,1,0,1
oferir,4,6,2,1,1,0,1
pagar,2,9,7,1,1,0,1
encarar,2,6,4,1,1,0,1
adjudicar,2,25,23,1,1,0,1
unir,3,3,0,0,1,0,1
desenvolupar,33,4,29,1,-1,0,1
passar,6,4,-2,-1,1,0,1
superar,4,4,0,0,-1,0,1
causar,3,6,3,1,1,0,1
topar,23,3,-20,-1,1,0,1
perdre,1,6,5,1,1,0,1
donar,1,3,2,1,1,0,1
mantenir,1,10,9,1,1,0,1
ampliar,5,8,3,1,1,0,1
tenir,3,2,-1,-1,1,0,1
mantenir,2,3,1,1,1,0,1
obrir,3,5,2,1,1,0,1
obrir,4,5,1,1,1,0,1
ampliar,15,5,-10,-1,1,0,1
entregar,3,4,1,1,1,0,1
dur,2,3,1,1,1,0,1
portar,2,3,1,1,1,0,1
instrumentalitzar,4,2,-2,-1,1,0,1
veure,3,6,-3,-1,-1,0,1
concentrar,5,3,2,1,-1,0,1
posseir,1,2,1,1,1,0,1
explotar,6,2,-4,-1,1,0,1
elevar,6,5,-1,-1,1,0,1
iniciar,3,9,6,1,1,0,1
decidir,15,11,4,1,-1,0,1
celebrar,2,7,5,1,1,0,1
crear,2,11,9,1,1,0,1
dur,4,3,-1,-1,1,0,1
tirar,14,2,12,1,-1,0,1
tirar,10,2,8,1,-1,0,1
descartar,5,15,10,1,1,0,1
fer,6,8,2,1,1,0,1
preparar,5,2,3,1,-1,0,1
anar,6,2,4,1,-1,0,1
reequilibrar,1,4,3,1,1,1,1
construir,2,2,0,0,1,0,1
vendre,1,8,7,1,1,0,1
efectuar,2,3,1,1,1,0,1
vendre,1,6,5,1,1,0,1
iniciar,3,4,1,1,1,0,1
reelegir,10,9,-1,-1,1,0,1
liderar,2,4,2,1,1,0,1
anar,7,9,2,1,1,0,1
anar,5,16,11,1,1,0,1
provocar,2,3,1,1,1,0,1
explicar,1,4,3,1,1,1,1
refugiar,1,10,9,1,1,1,1
donar,9,3,6,1,-1,0,1
bloquejar,2,4,2,1,1,0,1
incloure,13,14,-1,-1,-1,0,1
participar,5,2,-3,-1,1,0,1
gestionar,30,4,26,1,-1,0,1
realitzar,3,4,1,1,1,0,1
establir,29,6,23,1,-1,0,1
tornar,2,3,1,1,1,0,1
presentar,4,2,-2,-1,1,0,1
tenir,8,15,7,1,1,0,1
revisar,12,2,10,1,-1,0,1
passar,41,4,37,1,-1,0,1
aprovar,22,7,15,1,-1,0,1
planificar,13,5,8,1,-1,0,1
prendre,1,9,8,1,1,0,1
arribar,7,3,4,1,-1,0,1
donar,1,10,9,1,1,0,1
arribar,12,2,10,1,-1,0,1
asseure,1,5,4,1,1,1,1
generar,1,7,6,1,1,0,1
prescindir,6,14,8,1,1,0,1
dedicar,1,2,1,1,1,1,1
justificar,3,26,23,1,1,0,1
permetre,11,31,20,1,1,0,1
debatre,5,4,-1,-1,1,0,1
celebrar,5,2,-3,-1,1,0,1
recolzar,6,7,1,1,1,0,1
conèixer,3,6,3,1,1,0,1
trobar,3,6,3,1,1,0,1
presentar,2,3,1,1,1,0,1
presentar,26,8,18,1,-1,0,1
tenir,1,3,2,1,1,0,1
complir,5,23,18,1,1,0,1
preveure,2,8,6,1,1,0,1
iniciar,2,4,2,1,1,0,1
impulsar,2,2,0,0,1,0,1
tenir,1,7,6,1,1,0,1
elaborar,2,9,7,1,1,0,1
pactar,7,3,4,1,-1,0,1
anar,5,2,-3,-1,1,-1,1
donar,9,5,-4,-1,1,0,1
manifestar,1,3,2,1,1,1,1
formular,2,3,-1,-1,-1,0,1
exercir,3,16,13,1,1,0,1
carregar,11,2,-9,-1,1,0,1
succeir,2,2,0,0,1,0,1
enllaçar,10,3,7,1,-1,0,1
firmar,2,15,13,1,1,0,1
firmar,13,2,11,1,-1,0,1
presentar,20,2,18,1,-1,0,1
analitzar,6,3,3,1,-1,0,1
formular,3,2,-1,-1,1,0,1
centrar,2,8,6,1,1,0,1
atendre,19,4,15,1,-1,0,1
tenir,2,4,2,1,1,0,1
abordar,9,16,7,1,1,0,1
recollir,11,2,9,1,-1,0,1
marcar,2,3,1,1,1,0,1
anar,4,2,2,1,-1,0,1
fer,2,4,2,1,1,0,1
confirmar,10,9,-1,-1,1,0,1
tancar,2,13,11,1,1,0,1
comptar,7,26,19,1,1,0,1
duplicar,3,3,0,0,-1,0,1
confiscar,23,6,-17,-1,1,0,1
fomentar,7,6,-1,-1,1,0,1
causar,19,2,17,1,-1,0,1
realitzar,3,6,3,1,1,0,1
garantir,3,4,1,1,1,0,1
subministrar,1,3,2,1,1,0,1
fer,3,2,-1,-1,1,0,1
fer,2,3,1,1,1,0,1
ampliar,2,16,14,1,1,0,1
justificar,2,18,16,1,1,0,1
cobrar,5,6,1,1,1,0,1
presentar,16,15,1,1,-1,0,1
iniciar,1,3,2,1,1,0,1
emetre,1,5,4,1,1,0,1
acudir,13,3,10,1,-1,0,1
fer,2,3,1,1,1,0,1
invertir,20,3,17,1,-1,0,1
marcar,2,3,1,1,1,0,1
aguantar,1,2,1,1,1,1,1
treure,1,4,3,1,1,0,1
fer,3,3,0,0,1,0,1
demanar,4,15,11,1,1,0,1
demanar,4,5,1,1,1,0,1
entrar,17,2,15,1,-1,0,1
muntar,4,4,0,0,1,0,1
augmentar,8,16,8,1,1,0,1
rebre,2,9,7,1,1,0,1
fer,5,6,1,1,1,0,1
organitzar,14,2,12,1,-1,0,1
amenaçar,3,3,0,0,-1,0,1
abordar,2,2,0,0,1,0,1
llençar,4,2,-2,-1,1,0,1
veure,5,2,3,1,-1,0,1
avisar,19,2,17,1,-1,0,1
sortir,1,2,-1,-1,-1,0,1
fer,3,3,0,0,1,0,1
iniciar,1,4,3,1,1,1,1
estafar,3,11,8,1,1,0,1
cometre,1,11,10,1,1,0,1
simular,1,4,3,1,1,0,1
fer,2,7,5,1,1,0,1
tenir,3,5,2,1,1,-1,1
utilitzar,8,6,2,1,-1,0,1
reduir,8,6,-2,-1,1,0,1
reduir,4,5,1,1,1,0,1
passar,7,8,-1,-1,-1,0,1
detectar,2,12,10,1,1,0,1
intervenir,10,6,-4,-1,1,0,1
controlar,6,6,0,0,1,0,1
observar,8,9,-1,-1,-1,0,1
estudiar,4,6,2,1,1,0,1
tenir,1,3,2,1,1,0,1
entrar,2,3,1,1,1,0,1
fer,2,24,22,1,1,0,1
suposar,5,7,2,1,1,-1,1
trobar,12,2,10,1,-1,1,1
tenir,2,4,2,1,1,0,1
unir,9,5,-4,-1,1,-1,1
dirigir,2,5,3,1,1,0,1
assumir,5,5,0,0,1,0,1
tenir,5,4,-1,-1,1,0,1
tenir,2,3,1,1,1,0,1
tenir,4,2,-2,-1,1,-1,1
comptar,4,4,0,0,1,0,1
elevar,1,6,5,1,1,0,1
donar,3,5,2,1,1,0,1
suposar,5,7,2,1,1,-1,1
invertir,5,25,20,1,1,0,1
invertir,2,9,7,1,1,0,1
tramitar,23,2,21,1,-1,0,1
tenir,3,6,3,1,1,0,1
considerar,2,6,4,1,1,0,1
portar,1,2,1,1,1,1,1
lliurar,2,3,1,1,1,0,1
tenir,5,7,2,1,1,0,1
aconseguir,20,3,17,1,-1,0,1
mantenir,2,17,15,1,1,0,1
encasellar,1,6,5,1,1,1,1
actuar,2,7,5,1,1,0,1
presentar,2,3,1,1,1,0,1
prendre,1,2,1,1,1,-1,1
estudiar,2,3,1,1,1,0,1
construir,7,4,3,1,-1,0,1
presentar,22,8,14,1,-1,0,1
portar,4,5,1,1,1,0,1
tenir,3,3,0,0,1,0,1
afrontar,3,27,24,1,1,0,1
assumir,7,15,8,1,1,0,1
establir,4,13,9,1,1,0,1
enfocar,5,9,4,1,1,0,1
reunir,3,7,4,1,1,0,1
reclamar,12,9,3,1,-1,0,1
tenir,2,5,3,1,1,0,1
tenir,4,5,1,1,1,0,1
justificar,16,8,-8,-1,1,0,1
tractar,2,2,0,0,-1,0,1
tallar,2,5,3,1,1,0,1
cremar,1,4,3,1,1,0,1
romandre,1,17,16,1,1,0,1
reduir,22,3,19,1,-1,0,1
entregar,3,4,1,1,1,0,1
reduir,2,4,2,1,1,0,1
causar,2,2,0,0,-1,0,1
entrar,12,5,7,1,-1,0,1
tramitar,2,15,13,1,1,0,1
abordar,4,25,21,1,1,0,1
emetre,2,8,6,1,1,0,1
tenir,1,7,6,1,1,0,1
viure,2,19,17,1,1,0,1
presentar,29,4,25,1,-1,0,1
acollir,21,5,16,1,-1,0,1
reproduir,10,7,-3,-1,1,0,1
fer,8,12,4,1,1,0,1
coronar,2,6,4,1,1,0,1
entendre,2,3,1,1,1,0,1
recórrer,17,21,4,1,1,0,1
donar,5,21,16,1,1,0,1
assegurar,1,3,-2,-1,-1,-1,1
recordar,51,8,43,1,-1,0,1
organitzar,31,6,25,1,-1,0,1
fer,13,6,-7,-1,1,0,1
fer,3,4,1,1,1,0,1
realitzar,2,21,19,1,1,0,1
fer,2,43,41,1,1,0,1
sol·licitar,2,4,2,1,1,0,1
demanar,5,6,1,1,1,0,1
evitar,5,2,3,1,-1,0,1
entrar,5,2,-3,-1,1,0,1
liderar,2,19,17,1,1,0,1
dictar,1,31,30,1,1,0,1
aconseguir,5,7,2,1,1,0,1
disputar,19,2,17,1,-1,0,1
desmoralitzar,3,6,3,1,1,0,1
quedar,1,13,12,1,1,0,1
marcar,2,5,3,1,1,0,1
acabar,1,3,2,1,1,0,1
encaixar,2,7,5,1,1,0,1
aconseguir,2,7,5,1,1,0,1
enviar,2,2,0,0,-1,0,1
justificar,7,7,0,0,1,0,1
passar,3,5,-2,-1,-1,0,1
experimentar,5,7,2,1,1,0,1
treure,2,8,6,1,1,0,1
produir,7,3,-4,-1,1,0,1
liderar,6,5,-1,-1,1,0,1
introduir,3,2,1,1,-1,0,1
mantenir,2,5,3,1,1,0,1
arribar,3,20,17,1,1,0,1
arribar,33,5,-28,-1,1,0,1
rebre,9,6,3,1,-1,0,1
respondre,5,3,-2,-1,1,0,1
promoure,4,3,-1,-1,1,0,1
crear,10,21,11,1,1,0,1
tenir,5,8,3,1,1,0,1
dividir,11,2,9,1,-1,1,1
guanyar,2,4,2,1,1,0,1
protagonitzar,3,4,1,1,1,0,1
guanyar,8,8,0,0,-1,0,1
perdre,5,5,0,0,1,0,1
pal·liar,7,3,4,1,-1,0,1
pagar,2,4,2,1,1,0,1
presenciar,2,4,2,1,1,0,1
aturar,6,4,-2,-1,1,0,1
desenvolupar,3,8,5,1,1,0,1
tenir,2,13,11,1,1,0,1
viure,4,8,4,1,1,0,1
resoldre,13,2,11,1,-1,0,1
tallar,2,12,10,1,1,0,1
llançar,1,6,5,1,1,0,1
trobar,2,2,0,0,1,0,1
desautoritzar,19,3,16,1,-1,0,1
marcar,2,13,11,1,1,0,1
firmar,2,8,6,1,1,0,1
denunciar,5,2,-3,-1,1,0,1
sol·licitar,2,7,5,1,1,0,1
jugar,6,2,4,1,-1,0,1
jugar,2,3,1,1,1,0,1
posar,3,3,0,0,1,0,1
tenir,3,20,17,1,1,0,1
quedar,1,5,4,1,1,0,1
destacar,12,11,1,1,-1,0,1
definir,5,14,9,1,1,0,1
salvar,22,3,19,1,-1,0,1
amenitzar,2,6,4,1,1,0,1
acabar,5,6,1,1,1,0,1
adquirir,3,4,1,1,1,0,1
deixar,5,5,0,0,-1,0,1
unificar,3,4,1,1,1,0,1
contractar,3,15,-12,-1,-1,0,1
consultar,2,12,10,1,1,0,1
dur,16,5,11,1,-1,-1,1
recuperar,4,2,-2,-1,1,0,1
promocionar,7,3,-4,-1,1,0,1
dur,8,5,3,1,-1,0,1
comprar,2,9,7,1,1,0,1
distribuir,1,3,2,1,1,1,1
repartir,5,6,1,1,1,0,1
envair,4,15,11,1,1,0,1
iniciar,3,4,1,1,1,0,1
localitzar,1,2,1,1,1,1,1
deixar,8,4,-4,-1,1,0,1
expandir,1,3,2,1,1,1,1
presentar,2,6,4,1,1,0,1
detenir,52,4,48,1,-1,0,1
localitzar,2,5,3,1,1,0,1
acceptar,4,3,-1,-1,1,0,1
treure,3,2,-1,-1,1,0,1
incrementar,3,3,0,0,1,0,1
passar,4,2,2,1,-1,0,1
multiplicar,3,2,1,1,-1,0,1
veure,2,7,5,1,1,0,1
tenir,3,4,-1,-1,-1,0,1
trencar,3,3,0,0,-1,0,1
proposar,4,7,3,1,1,0,1
sortir,1,9,8,1,1,0,1
quedar,2,13,11,1,1,0,1
prendre,1,3,2,1,1,0,1
demostrar,9,6,-3,-1,1,0,1
criticar,3,9,6,1,1,0,1
pactar,5,2,-3,-1,1,0,1
tenir,3,3,0,0,1,0,1
demanar,1,5,4,1,1,0,1
patir,3,3,0,0,1,0,1
aconseguir,3,5,2,1,1,0,1
aconseguir,2,8,6,1,1,0,1
fer,1,16,15,1,1,0,1
fer,2,5,3,1,1,0,1
utilitzar,3,6,3,1,1,0,1
millorar,4,4,0,0,1,0,1
consolidar,3,8,5,1,1,0,1
sobrepassar,5,2,3,1,-1,0,1
sobrepassar,5,2,3,1,-1,0,1
celebrar,3,4,1,1,1,0,1
declarar,5,8,3,1,1,0,1
trobar,2,3,1,1,1,0,1
romandre,3,5,2,1,1,0,1
contemplar,49,15,34,1,-1,0,1
fer,7,3,-4,-1,1,0,1
invertir,5,20,15,1,1,0,1
multiplicar,3,2,1,1,-1,0,1
multiplicar,3,2,-1,-1,1,0,1
executar,6,18,12,1,1,0,1
aportar,2,3,1,1,1,0,1
causar,6,5,-1,-1,1,0,1
imputar,21,3,18,1,-1,0,1
veure,3,10,7,1,1,0,1
arxivar,2,6,4,1,1,0,1
arxivar,23,3,20,1,-1,0,1
tenir,3,11,8,1,1,0,1
detenir,6,24,18,1,1,0,1
condemnar,8,7,1,1,-1,0,1
anar,9,8,-1,-1,1,0,1
denunciar,11,5,6,1,-1,0,1
quedar,1,2,1,1,1,0,1
agafar,2,4,2,1,1,0,1
atrapar,4,2,2,1,-1,0,1
provocar,2,27,25,1,1,0,1
controlar,2,8,6,1,1,0,1
fer,2,14,12,1,1,0,1
controlar,3,4,1,1,1,0,1
tenir,1,3,2,1,1,0,1
evitar,7,3,-4,-1,1,0,1
estafar,6,5,1,1,-1,0,1
presentar,12,10,2,1,-1,0,1
subscriure,4,4,0,0,1,0,1
fer,1,13,12,1,1,1,1
dirigir,5,4,-1,-1,1,0,1
recollir,4,2,-2,-1,1,0,1
portar,2,2,0,0,1,0,1
exercir,2,8,6,1,1,0,1
arribar,12,6,6,1,-1,0,1
trobar,1,3,2,1,1,0,1
canalitzar,1,5,4,1,1,1,1
elaborar,3,3,0,0,1,0,1
educar,2,3,1,1,1,0,1
anunciar,4,3,-1,-1,1,0,1
ocupar,2,4,2,1,1,0,1
desallotjar,10,2,8,1,-1,0,1
recollir,7,12,5,1,1,0,1
presentar,1,26,25,1,1,1,1
donar,4,8,4,1,1,0,1
acabar,4,10,6,1,1,0,1
fer,3,3,0,0,-1,0,1
deixar,7,3,4,1,-1,0,1
plantejar,6,6,0,0,-1,0,1
plantejar,22,6,16,1,-1,0,1
posar,1,13,12,1,1,0,1
evitar,3,6,3,1,1,0,1
descentralitzar,2,13,11,1,1,0,1
passar,3,3,0,0,-1,0,1
gestionar,3,11,8,1,1,0,1
encoratjar,4,12,8,1,1,0,1
adherir,1,3,2,1,1,1,1
presentar,12,2,10,1,-1,0,1
portar,3,3,0,0,1,0,1
començar,3,3,0,0,1,0,1
estudiar,1,7,6,1,1,0,1
obtenir,2,30,28,1,1,0,1
gravar,2,3,1,1,1,0,1
vendre,11,3,8,1,-1,0,1
efectuar,16,4,12,1,-1,0,1
apropar,1,3,2,1,1,1,1
justificar,3,16,13,1,1,0,1
retardar,17,3,14,1,-1,0,1
rebre,1,2,1,1,1,0,1
suposar,3,3,0,0,1,0,1
comunicar,1,29,28,1,1,0,1
portar,7,32,25,1,1,0,1
patir,8,8,0,0,1,0,1
atorgar,3,12,9,1,1,1,1
tenir,4,9,5,1,1,0,1
facilitar,4,18,14,1,1,0,1
guanyar,12,22,10,1,1,0,1
guanyar,4,6,2,1,1,0,1
tenir,29,9,20,1,-1,0,1
agrair,6,3,-3,-1,1,0,1
superar,6,5,-1,-1,1,0,1
haver,2,2,0,0,1,0,1
atorgar,4,36,32,1,1,0,1
crear,5,26,21,1,1,0,1
impulsar,14,6,8,1,-1,0,1
crear,4,8,4,1,1,0,1
intentar,4,3,-1,-1,1,0,1
aprovar,47,2,45,1,-1,0,1
efectuar,3,6,3,1,1,0,1
iniciar,3,4,1,1,1,0,1
tenir,2,8,6,1,1,0,1
provocar,2,16,14,1,1,0,1
justificar,2,14,12,1,1,0,1
passar,5,6,-1,-1,-1,0,1
invertir,2,3,1,1,1,0,1
tancar,3,23,20,1,1,0,1
revolucionar,15,5,10,1,-1,0,1
fer,2,7,5,1,1,0,1
fer,1,5,4,1,1,1,1
informar,2,8,6,1,1,0,1
invertir,3,3,0,0,1,0,1
deixar,2,5,3,1,1,0,1
detenir,8,2,6,1,-1,0,1
tirar,7,5,-2,-1,1,0,1
iniciar,2,7,5,1,1,0,1
llençar,2,7,5,1,1,0,1
donar,3,13,10,1,1,0,1
enfilar,1,5,4,1,1,1,1
serrar,8,5,-3,-1,1,0,1
provocar,2,15,13,1,1,0,1
tramitar,2,4,2,1,1,0,1
sotmetre,2,4,2,1,1,0,1
envair,6,2,4,1,-1,0,1
donar,1,10,9,1,1,0,1
tenir,1,3,2,1,1,0,1
saber,17,3,14,1,-1,0,1
fer,1,3,2,1,1,0,1
tenir,4,2,-2,-1,1,0,1
tenir,1,7,6,1,1,0,1
fer,1,4,3,1,1,0,1
practicar,6,5,-1,-1,1,0,1
fer,4,5,1,1,1,0,1
tenir,2,2,0,0,1,0,1
tenir,3,2,-1,-1,1,0,1
tenir,3,4,1,1,1,0,1
ocupar,3,3,0,0,1,0,1
obtenir,8,7,-1,-1,1,0,1
assegurar,5,3,-2,-1,1,0,1
tenir,32,4,28,1,-1,0,1
adquirir,2,2,0,0,1,0,1
iniciar,10,2,8,1,-1,0,1
rebre,3,6,3,1,1,0,1
fer,3,5,2,1,1,0,1
superar,6,3,-3,-1,1,0,1
passar,5,6,-1,-1,-1,0,1
passar,5,8,-3,-1,-1,0,1
tenir,7,11,4,1,1,0,1
veure,9,3,6,1,-1,0,1
visitar,4,19,15,1,1,0,1
fer,9,6,-3,-1,1,0,1
representar,31,5,-26,-1,1,0,1
presentar,10,8,2,1,-1,0,1
resseguir,5,10,5,1,1,0,1
compensar,11,6,5,1,-1,0,1
presentar,5,9,4,1,1,0,1
proclamar,5,34,29,1,1,0,1
fer,3,3,0,0,1,0,1
viure,4,8,4,1,1,-1,1
batejar,3,9,6,1,1,1,1
viure,5,22,17,1,1,0,1
matar,2,3,1,1,1,1,1
indemnitzar,3,3,0,0,1,0,1
oferir,2,13,11,1,1,0,1
tenir,3,3,0,0,1,0,1
posar,2,3,-1,-1,-1,0,1
millorar,3,3,0,0,1,0,1
defensar,6,12,6,1,1,0,1
escollir,4,7,3,1,1,0,1
treballar,2,5,3,1,1,0,1
fer,1,4,3,1,1,0,1
presentar,24,2,22,1,-1,0,1
fer,1,2,1,1,1,0,1
establir,29,4,25,1,-1,0,1
fer,2,4,2,1,1,0,1
incloure,9,9,0,0,1,0,1
allotjar,3,23,20,1,1,0,1
fer,5,4,-1,-1,1,0,1
conservar,3,3,0,0,1,0,1
aplegar,6,3,3,1,-1,0,1
prohibir,2,6,4,1,1,0,1
alternar,13,4,-9,-1,1,0,1
despertar,5,3,-2,-1,1,0,1
fer,2,4,2,1,1,0,1
aclarir,5,7,2,1,1,0,1
suportar,4,21,17,1,1,0,1
cobrir,5,5,0,0,1,0,1
acompanyar,7,13,6,1,1,0,1
comptar,8,2,-6,-1,1,0,1
mantenir,2,18,16,1,1,0,1
tenir,1,8,7,1,1,0,1
tenir,3,3,0,0,1,1,1
encallar,2,2,0,0,1,0,1
tenir,3,11,8,1,1,0,1
coordinar,2,6,4,1,1,0,1
celebrar,4,9,5,1,1,0,1
fer,2,2,0,0,1,0,1
començar,2,6,4,1,1,0,1
incloure,4,10,6,1,1,0,1
inaugurar,8,8,0,0,1,0,1
cremar,7,11,4,1,1,0,1
obligar,7,4,3,1,-1,0,1
abandonar,2,3,1,1,1,0,1
tenir,2,12,10,1,1,0,1
unir,5,4,1,1,-1,0,1
obtenir,22,3,19,1,-1,0,1
lluitar,3,7,4,1,1,0,1
participar,31,3,28,1,-1,0,1
aprovar,2,6,4,1,1,0,1
violar,5,8,3,1,1,0,1
desmantellar,14,6,-8,-1,1,0,1
seguir,1,3,2,1,1,0,1
repartir,6,4,-2,-1,1,0,1
baixar,2,7,5,1,1,0,1
passar,2,2,0,0,-1,0,1
registrar,7,4,-3,-1,1,0,1
recollir,8,14,6,1,1,0,1
ocupar,3,6,3,1,1,0,1
reflectir,3,5,2,1,1,0,1
estar,4,8,4,1,1,0,1
acollir,10,11,1,1,1,0,1
treballar,2,2,0,0,1,0,1
concretar,1,3,2,1,1,1,1
ingressar,3,3,0,0,1,0,1
pagar,1,4,3,1,1,0,1
desenvolupar,4,4,0,0,1,0,1
fer,8,10,2,1,1,0,1
tenir,6,3,-3,-1,1,0,1
aplicar,5,10,5,1,1,0,1
venir,9,3,-6,-1,1,0,1
penjar,2,4,2,1,1,0,1
invertir,2,3,1,1,1,0,1
pagar,2,11,9,1,1,0,1
haver,10,11,1,1,1,0,1
pujar,11,6,5,1,-1,0,1
disparar,3,3,0,0,1,0,1
convocar,9,8,-1,-1,1,0,1
presentar,36,2,34,1,-1,0,1
millorar,6,5,-1,-1,1,0,1
beneficiar,1,3,2,1,1,1,1
difondre,4,6,2,1,1,0,1
incentivar,7,3,-4,-1,1,0,1
facilitar,17,4,13,1,-1,0,1
gastar,9,4,5,1,-1,0,1
sentir,2,3,1,1,1,0,1
elevar,4,7,-3,-1,-1,0,1
construir,2,4,-2,-1,-1,0,1
igualar,1,8,7,1,1,0,1
construir,6,2,4,1,-1,0,1
defensar,16,2,14,1,-1,0,1
reduir,5,6,1,1,1,0,1
presentar,3,7,-4,-1,-1,0,1
fer,4,2,-2,-1,1,0,1
tenir,2,6,4,1,1,0,1
rebre,11,4,-7,-1,1,0,1
acabar,20,5,15,1,-1,0,1
coordinar,1,5,4,1,1,1,1
organitzar,25,6,19,1,-1,0,1
incloure,8,7,1,1,-1,0,1
acollir,22,7,-15,-1,1,0,1
homenatjar,21,16,5,1,-1,-1,1
constituir,9,21,12,1,1,0,1
tenir,2,3,1,1,1,0,1
afavorir,5,18,13,1,1,0,1
embrutar,5,24,19,1,1,0,1
demanar,7,6,-1,-1,1,0,1
embrutar,2,4,2,1,1,0,1
presentar,9,5,4,1,-1,0,1
continuar,4,2,-2,-1,1,0,1
participar,5,6,1,1,1,0,1
guanyar,3,7,4,1,1,0,1
donar,1,4,3,1,1,0,1
fer,2,16,14,1,1,0,1
realitzar,2,24,22,1,1,0,1
acompanyar,5,3,2,1,-1,0,1
formar,10,10,0,0,1,0,1
treballar,5,17,12,1,1,0,1
finançar,18,10,8,1,-1,0,1
debutar,5,14,9,1,1,0,1
collir,5,17,12,1,1,0,1
passar,5,3,2,1,-1,0,1
incorporar,3,4,1,1,1,0,1
reelegir,11,2,9,1,-1,0,1
tenir,3,9,6,1,1,0,1
exportar,3,6,3,1,1,0,1
descarregar,5,3,-2,-1,1,0,1
governar,2,5,3,1,1,1,1
rebre,2,11,9,1,1,0,1
tirar,2,2,0,0,1,0,1
arribar,5,3,-2,-1,1,0,1
netejar,2,12,10,1,1,0,1
deixar,2,3,1,1,1,0,1
celebrar,11,2,9,1,-1,0,1
promocionar,7,14,7,1,1,0,1
assegurar,6,4,-2,-1,1,0,1
rebre,2,6,4,1,1,0,1
traspuar,1,14,13,1,1,0,1
anar,6,3,3,1,-1,0,1
situar,4,3,-1,-1,1,0,1
establir,5,30,25,1,1,0,1
acordar,5,8,3,1,1,0,1
fer,1,3,2,1,1,0,1
arranjar,2,7,5,1,1,0,1
constituir,2,5,3,1,1,0,1
acollir,15,5,-10,-1,1,0,1
localitzar,6,2,-4,-1,1,0,1
agafar,2,6,4,1,1,0,1
confirmar,5,3,-2,-1,1,0,1
aplicar,3,6,3,1,1,0,1
rebre,5,4,1,1,-1,0,1
crear,8,17,-9,-1,-1,0,1
embarcar,22,4,18,1,-1,0,1
formalitzar,3,4,1,1,1,0,1
fer,2,2,0,0,1,0,1
interpretar,1,2,1,1,1,1,1
despertar,5,3,2,1,-1,0,1
cobrir,2,9,7,1,1,0,1
revitalitzar,3,3,0,0,1,0,1
convocar,16,2,14,1,-1,0,1
convocar,14,4,10,1,-1,0,1
publicar,5,4,-1,-1,1,0,1
competir,2,12,10,1,1,0,1
operar,4,5,1,1,1,0,1
passar,2,2,0,0,-1,0,1
recuperar,5,17,12,1,1,0,1
eixamplar,2,3,1,1,1,0,1
brindar,19,2,17,1,-1,0,1
superar,6,2,4,1,-1,0,1
superar,3,2,1,1,-1,0,1
fer,1,29,28,1,1,0,1
resoldre,19,2,17,1,-1,1,1
disminuir,3,6,3,1,1,0,1
introduir,2,4,2,1,1,0,1
dirigir,33,3,30,1,-1,0,1
presidir,26,5,21,1,-1,0,1
acollir,2,7,5,1,1,0,1
acollir,9,5,4,1,-1,0,1
reflectir,16,6,10,1,-1,0,1
donar,27,8,19,1,-1,0,1
fer,3,4,1,1,1,0,1
presidir,26,5,21,1,-1,0,1
llançar,2,5,3,1,1,0,1
generar,7,4,-3,-1,1,0,1
aturar,2,3,1,1,1,0,1
perdre,1,4,3,1,1,0,1
impartir,2,2,0,0,1,0,1
afrontar,5,2,3,1,-1,0,1
donar,2,2,0,0,1,0,1
pressionar,1,4,3,1,1,1,1
jugar,4,2,-2,-1,1,0,1
tenir,1,2,1,1,1,0,1
clausurar,5,7,-2,-1,-1,0,1
recollir,3,5,2,1,1,0,1
mostrar,1,16,15,1,1,0,1
desenvolupar,4,9,5,1,1,0,1
tapar,35,2,33,1,-1,0,1
fer,6,2,-4,-1,1,0,1
rebre,8,6,-2,-1,1,0,1
tancar,2,4,2,1,1,0,1
ocupar,2,4,2,1,1,0,1
provocar,1,6,5,1,1,0,1
esborrar,11,3,8,1,-1,0,1
trobar,3,4,-1,-1,-1,0,1
anotar,2,5,3,1,1,0,1
controlar,2,3,1,1,1,0,1
encegar,1,4,3,1,1,0,1
mostrar,3,2,1,1,-1,0,1
simular,7,11,4,1,1,0,1
beneir,2,2,0,0,1,0,1
passar,2,7,5,1,1,0,1
proposar,6,11,5,1,1,0,1
aportar,9,5,-4,-1,1,0,1
fomentar,3,2,-1,-1,1,0,1
generar,2,6,4,1,1,0,1
declarar,4,7,3,1,1,0,1
declarar,9,13,4,1,1,0,1
centrar,3,6,3,1,1,0,1
interceptar,28,3,25,1,-1,0,1
contenir,12,7,-5,-1,1,0,1
contribuir,8,3,5,1,-1,0,1
comptabilitzar,10,4,6,1,-1,0,1
col·locar,2,2,0,0,1,0,1
utilitzar,2,6,4,1,1,0,1
transmetre,3,3,0,0,1,0,1
portar,2,3,1,1,1,0,1
transportar,1,7,6,1,1,0,1
crear,2,3,1,1,1,0,1
portar,2,3,1,1,1,0,1
presentar,9,7,-2,-1,1,0,1
xocar,3,3,0,0,1,0,1
deixar,4,3,1,1,-1,0,1
viure,3,9,6,1,1,0,1
assolir,8,8,0,0,1,0,1
reduir,2,2,0,0,1,0,1
fixar,3,16,13,1,1,0,1
temptar,2,3,1,1,1,0,1
daurar,1,5,4,1,1,1,1
perfeccionar,1,2,1,1,1,0,1
portar,2,10,8,1,1,0,1
treure,3,4,1,1,1,0,1
aprofitar,2,2,0,0,-1,0,1
arrodonir,2,3,1,1,1,0,1
posar,1,10,9,1,1,0,1
guanyar,24,16,-8,-1,1,0,1
recollir,3,4,1,1,1,0,1
premiar,23,3,-20,-1,1,0,1
recuperar,2,3,1,1,1,0,1
iniciar,1,3,2,1,1,0,1
aprovar,23,2,21,1,-1,0,1
provocar,5,22,17,1,1,0,1
mostrar,15,3,12,1,-1,0,1
acceptar,10,9,1,1,-1,0,1
tenir,3,3,0,0,1,0,1
respondre,2,3,1,1,1,0,1
disminuir,6,4,-2,-1,1,0,1
baixar,5,20,15,1,1,0,1
patrocinar,9,10,1,1,1,0,1
protegir,2,38,36,1,1,0,1
proposar,4,7,3,1,1,0,1
restituir,10,4,-6,-1,1,0,1
incloure,5,4,-1,-1,1,0,1
anar,12,5,7,1,-1,0,1
anar,11,12,-1,-1,-1,0,1
oferir,6,3,-3,-1,1,0,1
deplorar,5,2,-3,-1,1,0,1
sumar,3,11,8,1,1,0,1
lluitar,2,5,3,1,1,0,1
exportar,2,10,8,1,1,0,1
irradiar,1,4,3,1,1,0,1
tenir,1,3,2,1,1,0,1
tenir,6,4,-2,-1,1,0,1
concentrar,1,6,5,1,1,1,1
fer,2,5,3,1,1,0,1
passejar,3,3,0,0,1,0,1
fer,2,29,27,1,1,0,1
reunir,1,3,2,1,1,1,1
presidir,32,4,28,1,-1,0,1
tancar,2,6,4,1,1,0,1
criticar,14,2,12,1,-1,0,1
fixar,14,5,9,1,-1,0,1
incrementar,6,5,1,1,-1,0,1
buscar,3,3,0,0,-1,0,1
recollir,3,9,6,1,1,0,1
culminar,2,2,0,0,1,0,1
llançar,1,3,2,1,1,0,1
donar,3,9,6,1,1,0,1
incloure,2,16,14,1,1,0,1
presentar,2,6,4,1,1,0,1
ordenar,2,4,2,1,1,0,1
augmentar,4,7,3,1,1,0,1
tramitar,14,3,11,1,-1,0,1
tenir,3,2,-1,-1,1,0,1
aconseguir,3,5,2,1,1,0,1
fixar,9,16,7,1,1,0,1
condemnar,9,20,11,1,1,0,1
fer,2,3,1,1,1,0,1
guanyar,4,2,-2,-1,1,0,1
passar,6,7,1,1,1,0,1
prosseguir,2,4,2,1,1,0,1
disputar,7,4,-3,-1,1,0,1
oferir,4,2,-2,-1,1,0,1
anar,2,2,0,0,-1,0,1
formar,3,3,0,0,1,0,1
apel·lar,3,22,19,1,1,0,1
suavitzar,3,8,5,1,1,0,1
tancar,3,7,4,1,1,0,1
defensar,3,9,6,1,1,0,1
presentar,2,2,0,0,1,0,1
sortir,1,3,2,1,1,0,1
ubicar,8,3,5,1,-1,0,1
traslladar,3,3,0,0,1,0,1
treure,2,3,1,1,1,0,1
obrir,4,9,5,1,1,0,1
formar,1,5,4,1,1,0,1
rebre,3,4,1,1,1,0,1
llançar,4,5,1,1,1,0,1
aportar,3,13,10,1,1,0,1
emmarcar,13,6,-7,-1,1,0,1
portar,4,5,-1,-1,-1,0,1
apostar,5,14,9,1,1,0,1
presentar,9,3,6,1,-1,0,1
utilitzar,9,3,6,1,-1,0,1
resumir,8,5,3,1,-1,0,1
barrejar,3,4,1,1,1,0,1
tenir,3,3,0,0,1,0,1
descobrir,2,3,1,1,1,0,1
variar,3,5,2,1,1,0,1
rebre,4,7,3,1,1,0,1
trobar,5,2,3,1,-1,0,1
actuar,3,2,1,1,-1,0,1
repartir,3,14,11,1,1,0,1
estar,2,9,7,1,1,0,1
oferir,2,4,2,1,1,0,1
trobar,2,3,1,1,1,0,1
fer,4,12,8,1,1,0,1
fer,3,3,0,0,1,0,1
organitzar,2,49,47,1,1,0,1
repartir,2,12,10,1,1,0,1
representar,3,10,7,1,1,0,1
rebre,2,4,2,1,1,0,1
donar,3,9,6,1,1,0,1
interpretar,9,5,-4,-1,1,0,1
quedar,1,3,2,1,1,1,1
anar,1,2,1,1,1,0,1
fer,2,5,3,1,1,0,1
enterrar,2,3,1,1,1,0,1
mantenir,2,2,0,0,1,0,1
pintar,1,2,-1,-1,-1,-1,0
radicar,12,4,-8,-1,1,0,0
afectar,5,32,-27,-1,-1,0,0
aconseguir,5,2,3,1,-1,0,0
aparèixer,10,4,-6,-1,1,0,0
analitzar,6,3,-3,-1,1,0,0
formular,9,3,-6,-1,1,0,0
dir,2,31,-29,-1,-1,0,0
pintar,1,2,-1,-1,-1,-1,0
muntar,3,18,-15,-1,-1,0,0
reunir,2,2,0,0,-1,0,0
oferir,3,5,-2,-1,-1,0,0
passar,2,3,1,1,1,0,0
obrir,1,5,-4,-1,-1,0,0
descartar,9,3,-6,-1,1,0,0
haver,3,8,-5,-1,-1,0,0
definir,3,10,-7,-1,-1,0,0
vaticinar,7,27,-20,-1,-1,0,0
preparar,1,5,-4,-1,-1,0,0
acompanyar,3,7,-4,-1,-1,0,0
colonitzar,2,9,-7,-1,-1,0,0
captar,4,41,-37,-1,-1,0,0
seguir,1,2,-1,-1,-1,0,0
pal·liar,2,31,-29,-1,-1,0,0
col·locar,9,4,-5,-1,1,0,0
disputar,2,3,-1,-1,-1,0,0
rebre,4,3,1,1,-1,0,0
avançar,2,2,0,0,-1,0,0
jugar,2,3,-1,-1,-1,0,0
reunir,5,7,2,1,1,0,0
aconseguir,7,12,-5,-1,-1,0,0
evocar,7,26,-19,-1,-1,0,0
dur,3,2,1,1,-1,0,0
tenir,2,3,-1,-1,-1,0,0
consumir,5,4,1,1,-1,0,0
trobar,3,47,-44,-1,-1,0,0
afrontar,6,8,2,1,1,0,0
mantenir,2,7,-5,-1,-1,0,0
estar,3,5,-2,-1,-1,0,0
incloure,1,6,-5,-1,-1,-1,0
quedar,1,18,-17,-1,-1,0,0
arrencar,9,3,-6,-1,1,0,0
tenir,7,4,-3,-1,1,0,0
arribar,4,3,-1,-1,1,0,0
ostentar,3,3,0,0,-1,0,0
dur,2,6,-4,-1,-1,0,0
veure,14,3,-11,-1,1,0,0
integrar,4,4,0,0,-1,0,0
substituir,2,20,-18,-1,-1,0,0
presidir,3,3,0,0,1,0,0
completar,4,30,-26,-1,-1,0,0
realitzar,1,7,-6,-1,-1,0,0
ocupar,7,16,-9,-1,-1,0,0
sentir,2,2,0,0,1,0,0
rescatar,4,3,-1,-1,1,0,0
merèixer,2,3,-1,-1,-1,0,0
suposar,2,8,-6,-1,-1,0,0
finalitzar,8,3,-5,-1,1,0,0
accedir,13,12,1,1,-1,0,0
gestionar,2,3,-1,-1,-1,0,0
rebre,5,4,1,1,-1,0,0
donar,3,10,-7,-1,-1,0,0
incloure,5,3,2,1,-1,0,0
diferenciar,14,12,2,1,-1,0,0
passar,4,4,0,0,-1,0,0
anar,4,8,-4,-1,-1,0,0
evitar,9,3,-6,-1,1,0,0
obrir,2,4,-2,-1,-1,0,0
disparar,2,13,-11,-1,-1,0,0
equiparar,3,2,-1,-1,1,0,0
funcionar,5,4,-1,-1,1,0,0
aconseguir,2,6,-4,-1,-1,0,0
superar,1,3,2,1,1,0,0
agafar,2,3,-1,-1,-1,0,0
trobar,3,9,6,1,1,0,0
anotar,2,16,-14,-1,-1,0,0
tenir,3,4,-1,-1,-1,0,0
repetir,1,4,-3,-1,-1,0,0
venir,1,19,-18,-1,-1,0,0
representar,6,5,1,1,-1,0,0
comentar,3,8,-5,-1,-1,0,0
sorprendre,3,4,-1,-1,-1,0,0
donar,1,12,-11,-1,-1,0,0
fer,2,6,-4,-1,-1,0,0
anar,2,4,2,1,1,0,0
cloure,3,10,-7,-1,-1,0,0
buscar,6,5,1,1,-1,0,0
agafar,1,24,-23,-1,-1,0,0
portar,5,6,-1,-1,-1,0,0
portar,2,6,-4,-1,-1,0,0
induir,2,4,-2,-1,-1,0,0
sancionar,2,3,-1,-1,-1,0,0
ficar,1,4,-3,-1,-1,-1,0
satisfer,2,3,1,1,1,0,0
reproduir,10,6,4,1,-1,0,0
negociar,4,8,-4,-1,-1,0,0
impulsar,11,28,-17,-1,-1,0,0
trobar,2,5,-3,-1,-1,0,0
entrar,2,14,-12,-1,-1,0,0
presentar,8,9,1,1,1,0,0
presentar,6,2,-4,-1,1,0,0
tenir,1,4,-3,-1,-1,0,0
consolidar,1,13,-12,-1,-1,-1,0
tenir,73,3,70,1,-1,0,0
tenir,3,19,-16,-1,-1,0,0
succeir,5,6,-1,-1,-1,0,0
ressorgir,13,4,9,1,-1,0,0
aconseguir,2,25,-23,-1,-1,0,0
arriscar,3,6,-3,-1,-1,0,0
complir,15,8,-7,-1,1,0,0
fer,1,3,-2,-1,-1,0,0
adquirir,2,3,-1,-1,-1,0,0
compartir,7,2,-5,-1,1,0,0
substituir,4,4,0,0,-1,0,0
adormir,1,2,-1,-1,-1,-1,0
fer,2,4,-2,-1,-1,0,0
anul·lar,10,4,6,1,-1,0,0
tenir,2,2,0,0,-1,0,0
tenir,7,19,-12,-1,-1,0,0
traslladar,9,4,5,1,-1,0,0
procedir,5,6,-1,-1,-1,0,0
assumir,2,6,-4,-1,-1,0,0
reclamar,3,5,-2,-1,-1,0,0
caldre,1,8,-7,-1,-1,0,0
dotar,12,7,-5,-1,1,0,0
tenir,10,3,-7,-1,1,0,0
reprendre,2,23,-21,-1,-1,0,0
mostrar,10,9,-1,-1,1,1,0
notar,4,3,-1,-1,1,0,0
suportar,2,2,0,0,-1,0,0
posar,5,5,0,0,1,0,0
mantenir,2,2,0,0,-1,0,0
presentar,23,3,-20,-1,1,0,0
practicar,1,6,-5,-1,-1,0,0
recollir,8,4,-4,-1,1,0,0
elegir,26,3,-23,-1,1,0,0
centrar,3,8,-5,-1,-1,0,0
superar,6,2,-4,-1,1,0,0
passar,6,5,1,1,-1,0,0
prendre,2,4,-2,-1,-1,0,0
veure,1,6,-5,-1,-1,0,0
tenir,7,5,2,1,-1,0,0
evitar,1,5,-4,-1,-1,0,0
construir,6,5,1,1,-1,0,0
tenir,2,3,-1,-1,-1,0,0
causar,1,6,-5,-1,-1,0,0
incidir,6,3,-3,-1,1,0,0
recuperar,5,8,-3,-1,-1,0,0
bloquejar,2,3,1,1,1,0,0
substituir,1,4,-3,-1,-1,-1,0
tenir,1,3,-2,-1,-1,0,0
regular,2,5,-3,-1,-1,0,0
convocar,1,3,-2,-1,-1,0,0
amenaçar,1,16,-15,-1,-1,-1,0
jugar,2,3,-1,-1,-1,0,0
negociar,3,2,1,1,-1,0,0
posar,15,4,-11,-1,1,0,0
fer,1,2,-1,-1,-1,0,0
tenir,2,3,-1,-1,-1,0,0
celebrar,3,13,-10,-1,-1,0,0
mantenir,7,3,-4,-1,1,0,0
prendre,2,5,-3,-1,-1,0,0
deixar,1,2,-1,-1,-1,-1,0
passar,4,5,-1,-1,-1,0,0
reclutar,2,19,-17,-1,-1,0,0
mantenir,2,2,0,0,-1,1,0
adoptar,5,4,1,1,-1,0,0
abaratir,1,6,-5,-1,-1,0,0
aglutinar,2,5,-3,-1,-1,0,0
tenir,2,5,-3,-1,-1,0,0
tenir,3,3,0,0,-1,0,0
fer,1,4,-3,-1,-1,-1,0
tenir,2,4,-2,-1,-1,0,0
tenir,1,6,-5,-1,-1,0,0
arribar,6,3,3,1,-1,0,0
portar,2,3,-1,-1,-1,0,0
destacar,2,3,-1,-1,-1,0,0
fer,2,8,-6,-1,-1,0,0
portar,10,6,4,1,-1,0,0
haver,1,3,-2,-1,-1,-1,0
moure,1,6,-5,-1,-1,-1,0
tirar,3,5,-2,-1,-1,0,0
aprovar,2,3,-1,-1,-1,0,0
anar,1,4,-3,-1,-1,0,0
ficar,3,3,0,0,-1,0,0
cloure,5,38,-33,-1,-1,0,0
adquirir,2,14,-12,-1,-1,0,0
vendre,5,9,-4,-1,-1,0,0
invertir,6,7,-1,-1,-1,0,0
controlar,9,3,6,1,-1,0,0
presentar,1,3,-2,-1,-1,-1,0
buscar,4,3,1,1,-1,0,0
tancar,3,21,-18,-1,-1,0,0
saldar,1,7,-6,-1,-1,-1,0
representar,3,5,-2,-1,-1,0,0
canviar,1,5,-4,-1,-1,0,0
comptar,7,6,-1,-1,1,0,0
participar,27,4,-23,-1,1,0,0
fer,4,4,0,0,-1,0,0
recórrer,2,3,-1,-1,-1,0,0
manifestar,22,4,-18,-1,1,1,0
donar,1,4,-3,-1,-1,0,0
fer,3,3,0,0,-1,0,0
projectar,11,13,-2,-1,-1,0,0
afectar,3,7,-4,-1,-1,0,0
calar,1,3,-2,-1,-1,0,0
manifestar,3,8,-5,-1,-1,0,0
generar,4,10,-6,-1,-1,0,0
preparar,7,12,-5,-1,-1,0,0
fer,2,3,-1,-1,-1,0,0
cursar,3,2,1,1,-1,0,0
trobar,3,14,-11,-1,-1,0,0
rebre,2,21,-19,-1,-1,0,0
desgravar,4,5,-1,-1,-1,0,0
consumir,3,9,-6,-1,-1,0,0
fer,1,2,-1,-1,-1,0,0
resultar,3,3,0,0,-1,0,0
donar,1,5,-4,-1,-1,0,0
presentar,2,3,-1,-1,-1,0,0
viure,2,37,-35,-1,-1,0,0
obrir,2,4,-2,-1,-1,0,0
obrir,1,4,-3,-1,-1,0,0
aprofitar,6,15,-9,-1,-1,0,0
analitzar,3,9,-6,-1,-1,0,0
valorar,3,7,-4,-1,-1,0,0
col·locar,2,8,-6,-1,-1,0,0
consumir,1,4,-3,-1,-1,-1,0
posar,2,5,-3,-1,-1,0,0
posar,4,3,-1,-1,1,0,0
multar,19,2,-17,-1,1,1,0
inaugurar,5,13,-8,-1,-1,0,0
situar,1,3,-2,-1,-1,-1,0
substituir,45,4,-41,-1,1,1,0
posar,35,3,-32,-1,1,0,0
mantenir,4,3,1,1,-1,0,0
expressar,28,3,-25,-1,1,0,0
fer,2,2,0,0,-1,-1,0
recollir,3,3,0,0,1,0,0
donar,1,3,-2,-1,-1,0,0
treure,1,4,-3,-1,-1,0,0
xocar,3,5,-2,-1,-1,0,0
recórrer,3,3,0,0,-1,0,0
exercir,3,4,-1,-1,-1,0,0
pagar,6,4,-2,-1,1,0,0
trobar,1,4,-3,-1,-1,0,0
aconseguir,1,4,-3,-1,-1,0,0
traslladar,2,4,-2,-1,-1,0,0
suspendre,4,8,4,1,1,0,0
trobar,1,2,-1,-1,-1,-1,0
tocar,4,6,-2,-1,-1,0,0
fundar,5,6,-1,-1,-1,0,0
dur,4,2,-2,-1,1,0,0
veure,3,3,0,0,-1,0,0
aportar,3,3,0,0,-1,0,0
obtenir,2,2,0,0,-1,0,0
trobar,1,3,-2,-1,-1,0,0
cobrir,5,3,-2,-1,1,0,0
rebre,24,12,12,1,-1,0,0
tocar,20,2,-18,-1,1,0,0
fer,2,2,0,0,-1,0,0
portar,2,3,-1,-1,-1,0,0
detenir,2,6,-4,-1,-1,0,0
trencar,9,6,-3,-1,1,0,0
despatxar,1,12,-11,-1,-1,0,0
aixecar,2,3,-1,-1,-1,0,0
sortir,1,3,-2,-1,-1,0,0
fer,1,2,-1,-1,-1,0,0
ficar,1,10,-9,-1,-1,-1,0
veure,2,4,-2,-1,-1,0,0
organitzar,7,5,2,1,-1,0,0
construir,5,11,-6,-1,-1,0,0
posar,4,2,2,1,-1,0,0
deure,2,30,-28,-1,-1,0,0
muntar,3,4,-1,-1,-1,0,0
enviar,8,2,-6,-1,1,0,0
intervenir,5,3,-2,-1,1,0,0
perdre,2,7,-5,-1,-1,0,0
recolzar,2,4,-2,-1,-1,0,0
rebre,4,3,-1,-1,1,0,0
controlar,3,6,-3,-1,-1,1,0
acabar,21,6,-15,-1,1,0,0
avaluar,7,9,-2,-1,-1,0,0
assolir,10,7,3,1,-1,0,0
mantenir,4,3,1,1,-1,0,0
establir,7,17,-10,-1,-1,0,0
validar,4,7,-3,-1,-1,0,0
aprofundir,9,12,-3,-1,-1,0,0
investigar,5,6,-1,-1,-1,0,0
citar,1,3,-2,-1,-1,-1,0
deixar,23,4,-19,-1,1,0,0
establir,1,3,-2,-1,-1,0,0
violar,5,3,2,1,-1,0,0
causar,2,3,-1,-1,-1,0,0
resultar,1,18,-17,-1,-1,0,0
sobrevolar,6,4,2,1,-1,0,0
provocar,2,3,-1,-1,-1,0,0
pactar,8,10,-2,-1,-1,0,0
mantenir,4,9,-5,-1,-1,0,0
renunciar,3,11,-8,-1,-1,0,0
renunciar,5,8,-3,-1,-1,0,0
mantenir,3,2,1,1,-1,0,0
recollir,2,10,-8,-1,-1,0,0
concentrar,6,4,-2,-1,1,0,0
convocar,5,2,3,1,-1,0,0
banyar,1,6,-5,-1,-1,-1,0
rebre,3,5,-2,-1,-1,0,0
agradar,2,23,-21,-1,-1,0,0
imprimir,2,7,-5,-1,-1,0,0
tenir,3,4,-1,-1,-1,0,0
registrar,5,7,-2,-1,-1,0,0
considerar,1,6,-5,-1,-1,0,0
créixer,3,5,-2,-1,-1,0,0
canviar,2,7,-5,-1,-1,0,0
inaugurar,2,2,0,0,-1,0,0
obrir,5,2,3,1,-1,0,0
controlar,2,2,0,0,-1,0,0
deure,3,3,0,0,-1,0,0
comercialitzar,10,9,1,1,-1,0,0
comptabilitzar,7,11,-4,-1,-1,0,0
vendre,10,2,-8,-1,1,0,0
operar,3,10,-7,-1,-1,0,0
accelerar,5,2,3,1,-1,0,0
gestionar,8,4,-4,-1,1,0,0
enviar,4,4,0,0,-1,0,0
establir,4,4,0,0,-1,0,0
accedir,3,8,-5,-1,-1,0,0
pagar,1,5,-4,-1,-1,0,0
oferir,13,3,-10,-1,1,0,0
descarregar,3,3,0,0,-1,0,0
disposar,3,4,-1,-1,-1,0,0
inserir,1,3,-2,-1,-1,0,0
invertir,10,3,-7,-1,1,0,0
manifestar,3,24,-21,-1,-1,0,0
reclamar,14,11,3,1,-1,0,0
donar,7,3,-4,-1,1,0,0
localitzar,2,3,-1,-1,-1,0,0
tenir,3,3,0,0,-1,0,0
celebrar,7,5,2,1,-1,0,0
demanar,5,4,1,1,-1,0,0
fer,1,2,-1,-1,-1,-1,0
trobar,5,11,6,1,1,1,0
tenir,5,4,1,1,-1,0,0
aparèixer,2,8,-6,-1,-1,0,0
treure,5,4,1,1,-1,0,0
expressar,1,9,-8,-1,-1,-1,0
aconseguir,3,4,-1,-1,-1,0,0
parlar,16,3,-13,-1,1,0,0
elegir,1,8,-7,-1,-1,0,0
convocar,2,2,0,0,-1,0,0
expressar,7,2,-5,-1,1,0,0
mantenir,2,2,0,0,-1,0,0
enviar,14,2,-12,-1,1,0,0
rebre,5,5,0,0,1,0,0
amenaçar,1,2,-1,-1,-1,-1,0
editar,34,2,-32,-1,1,0,0
tenir,3,4,-1,-1,-1,0,0
vendre,4,3,1,1,-1,0,0
sembrar,2,5,-3,-1,-1,0,0
utilitzar,2,17,-15,-1,-1,0,0
sembrar,2,4,-2,-1,-1,0,0
trobar,1,4,-3,-1,-1,0,0
acusar,6,26,-20,-1,-1,0,0
causar,5,8,-3,-1,-1,0,0
destruir,2,2,0,0,-1,0,0
evitar,3,21,-18,-1,-1,0,0
tenir,1,4,-3,-1,-1,0,0
circular,5,4,1,1,-1,0,0
presentar,4,3,-1,-1,1,0,0
arribar,7,5,2,1,-1,0,0
introduir,3,3,0,0,-1,0,0
incrementar,4,3,-1,-1,1,0,0
tenir,3,3,0,0,-1,0,0
considerar,8,3,-5,-1,1,0,0
superar,14,3,-11,-1,1,0,0
fer,2,9,-7,-1,-1,0,0
trepitjar,4,5,-1,-1,-1,0,0
causar,2,3,-1,-1,-1,0,0
explotar,6,12,-6,-1,-1,0,0
desenvolupar,4,3,1,1,-1,0,0
obrir,6,3,-3,-1,1,0,0
tenir,2,3,-1,-1,-1,0,0
acordar,14,13,1,1,-1,0,0
deixar,6,2,-4,-1,1,-1,0
obrir,5,2,3,1,-1,0,0
examinar,6,3,-3,-1,1,0,0
ordenar,19,18,1,1,-1,0,0
preveure,6,5,1,1,-1,0,0
incloure,13,10,3,1,-1,0,0
quedar,7,6,1,1,-1,0,0
allotjar,5,5,0,0,-1,0,0
ordenar,1,5,-4,-1,-1,0,0
presentar,5,2,3,1,-1,0,0
aconseguir,2,2,0,0,-1,0,0
rebre,2,4,-2,-1,-1,0,0
posar,4,4,0,0,-1,0,0
passar,2,2,0,0,1,0,0
tenir,1,2,-1,-1,-1,0,0
recórrer,6,6,0,0,-1,0,0
fer,6,16,-10,-1,-1,0,0
garantir,2,6,-4,-1,-1,0,0
exercir,1,3,-2,-1,-1,-1,0
destruir,1,6,-5,-1,-1,0,0
suposar,3,21,-18,-1,-1,0,0
regular,2,4,-2,-1,-1,0,0
confirmar,16,3,-13,-1,1,0,0
donar,4,15,-11,-1,-1,0,0
condemnar,2,6,-4,-1,-1,0,0
tenir,6,4,2,1,-1,0,0
portar,1,10,-9,-1,-1,-1,0
valorar,33,3,-30,-1,1,0,0
ratificar,2,3,1,1,1,0,0
presentar,40,5,-35,-1,1,0,0
buscar,2,7,-5,-1,-1,0,0
estar,1,19,-18,-1,-1,0,0
treure,14,12,-2,-1,1,0,0
arxivar,2,11,-9,-1,-1,0,0
mostrar,3,6,-3,-1,-1,0,0
iniciar,4,2,2,1,-1,0,0
formar,1,2,-1,-1,-1,0,0
garantir,3,3,0,0,-1,0,0
amenaçar,3,2,1,1,-1,0,0
capturar,3,2,-1,-1,1,0,0
presentar,2,5,-3,-1,-1,0,0
respectar,5,2,3,1,-1,0,0
amonestar,1,10,-9,-1,-1,0,0
tancar,5,3,2,1,-1,0,0
esgotar,7,7,0,0,1,0,0
buscar,3,4,-1,-1,-1,0,0
posar,17,3,-14,-1,1,0,0
defensar,5,7,-2,-1,-1,0,0
assassinar,5,12,-7,-1,-1,0,0
rebre,3,7,-4,-1,-1,0,0
arribar,3,6,-3,-1,-1,0,0
emprendre,2,4,-2,-1,-1,0,0
fer,1,5,-4,-1,-1,0,0
portar,2,16,-14,-1,-1,0,0
tenir,1,2,-1,-1,-1,0,0
establir,1,2,-1,-1,-1,0,0
carregar,7,9,-2,-1,-1,0,0
plegar,1,6,-5,-1,-1,-1,0
mostrar,3,41,-38,-1,-1,0,0
desenvolupar,13,4,-9,-1,1,0,0
limitar,8,10,2,1,1,0,0
convocar,2,3,-1,-1,-1,0,0
cercar,8,12,-4,-1,-1,0,0
reduir,3,3,0,0,-1,0,0
continuar,1,9,-8,-1,-1,0,0
presentar,5,2,3,1,-1,0,0
enllaçar,6,8,-2,-1,-1,0,0
suportar,10,16,-6,-1,-1,0,0
atrapar,35,5,-30,-1,1,0,0
inaugurar,6,5,1,1,-1,0,0
adequar,2,4,-2,-1,-1,0,0
portar,2,6,-4,-1,-1,0,0
distribuir,1,5,-4,-1,-1,-1,0
eradicar,5,2,3,1,-1,0,0
anar,5,10,-5,-1,-1,0,0
acollir,33,7,-26,-1,1,0,0
anunciar,5,6,-1,-1,-1,0,0
significar,4,8,-4,-1,-1,0,0
vertebrar,4,8,-4,-1,-1,0,0
discutir,3,4,-1,-1,-1,0,0
anar,2,3,1,1,1,0,0
obrir,4,2,2,1,-1,0,0
tenir,2,2,0,0,-1,0,0
tenir,4,9,-5,-1,-1,0,0
deixar,2,4,-2,-1,-1,0,0
iniciar,4,2,2,1,-1,0,0
destrossar,2,5,-3,-1,-1,0,0
exposar,2,5,-3,-1,-1,0,0
apagar,1,2,-1,-1,-1,0,0
portar,4,2,2,1,-1,0,0
coincidir,22,5,-17,-1,1,0,0
saber,2,19,-17,-1,-1,0,0
explicar,5,21,-16,-1,-1,0,0
mantenir,5,3,2,1,-1,0,0
fer,5,8,-3,-1,-1,0,0
incorporar,6,5,1,1,-1,0,0
viure,2,5,-3,-1,-1,0,0
incorporar,18,2,-16,-1,1,0,0
mostrar,6,4,-2,-1,1,0,0
recórrer,2,11,-9,-1,-1,0,0
baixar,3,6,-3,-1,-1,0,0
reduir,4,2,2,1,-1,0,0
passar,7,2,-5,-1,1,0,0
passar,3,2,-1,-1,1,0,0
esperar,2,16,-14,-1,-1,0,0
passar,2,2,0,0,1,0,0
consultar,10,11,1,1,1,0,0
interposar,4,4,0,0,-1,0,0
repartir,6,4,-2,-1,1,0,0
negar,2,3,1,1,1,0,0
compartir,4,13,-9,-1,-1,0,0
comprar,2,5,-3,-1,-1,0,0
recollir,21,5,-16,-1,1,1,0
desenvolupar,3,9,-6,-1,-1,0,0
exercir,3,4,-1,-1,-1,0,0
aprovar,1,7,-6,-1,-1,-1,0
aprovar,27,2,-25,-1,1,0,0
formar,4,5,-1,-1,-1,0,0
presentar,2,9,7,1,1,0,0
esperar,3,6,3,1,1,0,0
controlar,2,3,1,1,1,0,0
anar,6,5,-1,-1,1,0,0
incloure,2,9,-7,-1,-1,0,0
destacar,19,2,-17,-1,1,0,0
resultar,1,3,-2,-1,-1,0,0
assassinar,34,3,-31,-1,1,0,0
llançar,2,2,0,0,-1,0,0
perdre,2,26,-24,-1,-1,0,0
perdre,24,3,-21,-1,1,0,0
expropiar,4,3,-1,-1,1,0,0
arrodonir,2,3,-1,-1,-1,0,0
plantejar,5,6,-1,-1,-1,0,0
traslladar,3,14,-11,-1,-1,0,0
oferir,6,6,0,0,1,0,0
portar,2,2,0,0,-1,0,0
portar,40,2,-38,-1,1,0,0
apunyalar,4,2,2,1,-1,0,0
provocar,5,2,3,1,-1,0,0
trobar,4,17,-13,-1,-1,0,0
treure,3,5,-2,-1,-1,0,0
superar,11,7,-4,-1,1,0,0
robar,3,2,1,1,-1,0,0
ficar,1,6,-5,-1,-1,-1,0
amenaçar,1,11,-10,-1,-1,-1,0
ferir,7,3,-4,-1,1,0,0
reflectir,6,3,-3,-1,1,0,0
pagar,6,12,-6,-1,-1,0,0
abonar,1,6,-5,-1,-1,-1,0
presidir,4,3,1,1,-1,0,0
convocar,2,5,-3,-1,-1,0,0
rebre,17,3,-14,-1,1,0,0
facilitar,1,2,-1,-1,-1,0,0
portar,6,13,-7,-1,-1,0,0
veure,4,2,-2,-1,1,0,0
segellar,2,3,-1,-1,-1,0,0
arrencar,2,2,0,0,1,0,0
allunyar,1,15,-14,-1,-1,0,0
concórrer,2,10,-8,-1,-1,0,0
designar,9,20,-11,-1,-1,0,0
abatre,4,2,2,1,-1,0,0
designar,2,8,-6,-1,-1,0,0
ficar,1,7,-6,-1,-1,-1,0
oferir,78,5,-73,-1,1,0,0
fer,1,5,-4,-1,-1,0,0
assolar,2,3,-1,-1,-1,0,0
deixar,6,3,3,1,-1,0,0
deixar,3,5,-2,-1,-1,0,0
provocar,7,13,-6,-1,-1,0,0
permetre,5,21,-16,-1,-1,0,0
controlar,5,6,-1,-1,-1,0,0
autoritzar,7,3,4,1,-1,0,0
trobar,13,7,-6,-1,1,0,0
anar,3,2,-1,-1,1,0,0
garantir,9,8,1,1,-1,0,0
condicionar,16,17,-1,-1,-1,0,0
condicionar,3,21,-18,-1,-1,0,0
rebre,2,8,-6,-1,-1,0,0
provocar,3,9,-6,-1,-1,0,0
baixar,2,2,0,0,1,0,0
tenir,4,10,-6,-1,-1,0,0
imposar,3,8,-5,-1,-1,0,0
enviar,1,2,-1,-1,-1,0,0
mostrar,3,6,-3,-1,-1,0,0
tenir,2,4,-2,-1,-1,0,0
recórrer,3,2,1,1,-1,0,0
oferir,2,6,-4,-1,-1,0,0
presentar,8,11,-3,-1,-1,0,0
abandonar,4,5,-1,-1,-1,0,0
denegar,5,4,1,1,-1,0,0
permetre,1,5,-4,-1,-1,0,0
presentar,8,11,-3,-1,-1,0,0
pagar,5,5,0,0,-1,0,0
desplaçar,1,5,-4,-1,-1,-1,0
robar,2,6,-4,-1,-1,0,0
anar,3,9,-6,-1,-1,0,0
tenir,2,4,-2,-1,-1,0,0
descobrir,7,5,2,1,-1,0,0
provocar,1,42,-41,-1,-1,0,0
prestar,1,4,-3,-1,-1,0,0
incloure,3,8,-5,-1,-1,0,0
permetre,4,6,-2,-1,-1,0,0
perdre,2,4,-2,-1,-1,0,0
perdre,4,4,0,0,-1,0,0
confeccionar,2,10,-8,-1,-1,0,0
apostar,16,14,2,1,-1,0,0
reprovar,6,7,-1,-1,-1,0,0
justificar,3,24,-21,-1,-1,0,0
saludar,6,3,3,1,-1,0,0
obrir,6,16,-10,-1,-1,0,0
convocar,12,4,-8,-1,1,0,0
definir,5,3,2,1,-1,0,0
separar,2,23,-21,-1,-1,0,0
apostar,7,12,-5,-1,-1,0,0
tenir,7,15,-8,-1,-1,0,0
adquirir,6,5,1,1,-1,0,0
aconseguir,1,6,-5,-1,-1,-1,0
reflexionar,7,12,5,1,1,0,0
rastrejar,8,14,-6,-1,-1,0,0
mostrar,2,4,-2,-1,-1,0,0
cobrar,2,7,-5,-1,-1,0,0
rebre,5,5,0,0,-1,0,0
rellevar,31,6,-25,-1,1,0,0
tenir,5,11,-6,-1,-1,0,0
resoldre,2,11,-9,-1,-1,0,0
treballar,12,5,7,1,-1,0,0
mobilitzar,2,8,-6,-1,-1,0,0
aixecar,2,7,-5,-1,-1,0,0
retenir,11,4,-7,-1,1,0,0
agafar,2,2,0,0,-1,0,0
curar,1,3,-2,-1,-1,-1,0
patir,4,5,1,1,1,0,0
valorar,4,38,-34,-1,-1,0,0
prendre,2,4,-2,-1,-1,0,0
participar,7,7,0,0,-1,0,0
estar,4,5,-1,-1,-1,0,0
realitzar,1,13,-12,-1,-1,0,0
publicar,1,4,-3,-1,-1,0,0
provocar,3,2,1,1,-1,0,0
reprovar,12,9,3,1,-1,0,0
estar,4,4,0,0,-1,0,0
impedir,4,4,0,0,-1,0,0
presentar,9,5,-4,-1,1,0,0
inaugurar,15,5,-10,-1,1,0,0
generar,1,5,-4,-1,-1,0,0
reunir,2,3,-1,-1,-1,0,0
reconèixer,17,7,10,1,-1,0,0
expressar,3,39,-36,-1,-1,0,0
fer,3,5,-2,-1,-1,0,0
tenir,35,3,-32,-1,1,0,0
mantenir,4,7,-3,-1,-1,0,0
fer,1,7,-6,-1,-1,0,0
caure,1,9,-8,-1,-1,0,0
traslladar,1,4,-3,-1,-1,-1,0
portar,13,2,-11,-1,1,0,0
parlar,2,3,-1,-1,-1,0,0
enviar,4,11,-7,-1,-1,0,0
demandar,13,14,-1,-1,-1,0,0
buscar,2,8,-6,-1,-1,0,0
fer,1,8,-7,-1,-1,0,0
anar,17,3,-14,-1,1,0,0
provocar,4,3,1,1,-1,0,0
representar,22,4,-18,-1,1,0,0
treballar,2,4,-2,-1,-1,0,0
preveure,1,44,-43,-1,-1,0,0
afavorir,12,18,-6,-1,-1,0,0
vaticinar,1,4,-3,-1,-1,0,0
preveure,5,4,1,1,-1,0,0
esperar,3,25,-22,-1,-1,0,0
presentar,8,8,0,0,-1,0,0
presentar,2,5,-3,-1,-1,0,0
aprofitar,2,2,0,0,-1,0,0
presentar,2,8,-6,-1,-1,0,0
informar,4,3,1,1,-1,0,0
quedar,5,4,1,1,-1,0,0
dur,12,6,-6,-1,1,0,0
acceptar,4,6,-2,-1,-1,0,0
privilegiar,3,4,1,1,1,0,0
expressar,5,16,-11,-1,-1,0,0
pescar,9,5,4,1,-1,0,0
mantenir,4,15,-11,-1,-1,0,0
jurar,2,3,-1,-1,-1,0,0
suposar,2,3,-1,-1,-1,0,0
celebrar,2,5,-3,-1,-1,0,0
suposar,5,7,-2,-1,-1,0,0
mantenir,2,3,-1,-1,-1,0,0
anunciar,9,11,-2,-1,-1,0,0
desviar,1,4,-3,-1,-1,0,0
incrementar,5,5,0,0,-1,0,0
felicitar,4,3,1,1,-1,0,0
fotografiar,1,5,-4,-1,-1,-1,0
demanar,1,3,-2,-1,-1,0,0
donar,4,7,-3,-1,-1,0,0
donar,9,26,-17,-1,-1,0,0
presentar,1,7,-6,-1,-1,-1,0
resultar,6,6,0,0,-1,0,0
mossegar,2,2,0,0,-1,0,0
mossegar,1,4,-3,-1,-1,-1,0
traslladar,2,10,-8,-1,-1,0,0
figurar,3,2,1,1,-1,0,0
cultivar,4,16,-12,-1,-1,0,0
treballar,2,5,-3,-1,-1,0,0
elevar,1,3,-2,-1,-1,-1,0
rebre,3,4,-1,-1,-1,0,0
contreure,1,9,-8,-1,-1,0,0
procedir,8,10,-2,-1,-1,0,0
introduir,2,5,-3,-1,-1,0,0
tenir,1,3,-2,-1,-1,0,0
prendre,1,3,-2,-1,-1,0,0
fer,7,8,-1,-1,-1,0,0
tenir,4,12,-8,-1,-1,0,0
crear,6,2,4,1,-1,0,0
mantenir,22,18,4,1,-1,0,0
avantatjar,2,3,1,1,1,0,0
fer,3,4,-1,-1,-1,0,0
tenir,8,20,-12,-1,-1,0,0
passar,2,7,-5,-1,-1,0,0
aportar,7,3,-4,-1,1,0,0
rellevar,1,7,-6,-1,-1,0,0
visitar,6,6,0,0,-1,0,0
tenir,1,2,-1,-1,-1,0,0
demanar,5,3,2,1,-1,0,0
contribuir,28,6,-22,-1,1,0,0
treure,17,3,-14,-1,1,0,0
posar,1,2,-1,-1,-1,-1,0
aprovar,23,7,-16,-1,1,0,0
reunir,3,3,0,0,-1,0,0
acollir,14,4,-10,-1,1,0,0
acabar,3,9,-6,-1,-1,0,0
causar,1,4,-3,-1,-1,0,0
fer,4,2,2,1,-1,0,0
oferir,4,4,0,0,-1,0,0
ocupar,7,29,-22,-1,-1,0,0
tenir,3,11,-8,-1,-1,0,0
facturar,4,2,2,1,-1,0,0
passar,4,5,1,1,1,0,0
passar,5,10,5,1,1,0,0
presentar,15,17,-2,-1,-1,0,0
facturar,5,3,2,1,-1,0,0
desmuntar,41,3,-38,-1,1,1,0
repetir,4,4,0,0,-1,0,0
alimentar,12,7,5,1,-1,0,0
voler,1,4,-3,-1,-1,0,0
seguir,5,19,-14,-1,-1,0,0
compensar,1,14,-13,-1,-1,-1,0
reduir,8,2,-6,-1,1,0,0
garantir,6,4,2,1,-1,0,0
començar,10,4,-6,-1,1,0,0
obrir,3,2,1,1,-1,0,0
arribar,5,2,3,1,-1,0,0
abordar,3,8,-5,-1,-1,0,0
penjar,4,3,1,1,-1,0,0
negociar,4,4,0,0,-1,0,0
organitzar,4,2,2,1,-1,0,0
percebre,4,8,-4,-1,-1,0,0
rebre,52,6,-46,-1,1,0,0
tenir,2,7,-5,-1,-1,0,0
eliminar,2,6,-4,-1,-1,-1,0
tenir,1,3,-2,-1,-1,0,0
reiterar,3,11,8,1,1,0,0
rebre,3,5,-2,-1,-1,0,0
participar,21,2,-19,-1,1,0,0
competir,17,5,-12,-1,1,0,0
comportar,1,5,-4,-1,-1,0,0
qüestionar,4,7,-3,-1,-1,0,0
ordenar,15,5,-10,-1,1,0,0
presentar,7,2,-5,-1,1,0,0
tancar,5,4,1,1,-1,0,0
perdre,8,8,0,0,1,0,0
commemorar,3,11,-8,-1,-1,0,0
situar,2,6,-4,-1,-1,0,0
afegir,4,6,-2,-1,-1,0,0
ingressar,2,5,-3,-1,-1,0,0
descomptar,4,13,-9,-1,-1,0,0
destapar,2,2,0,0,-1,0,0
introduir,2,5,-3,-1,-1,0,0
desencadenar,6,5,1,1,-1,0,0
pujar,2,2,0,0,-1,0,0
marcar,5,7,-2,-1,-1,0,0
endinsar,1,4,-3,-1,-1,-1,0
facilitar,3,3,0,0,-1,0,0
passar,4,2,2,1,-1,0,0
facilitar,6,12,-6,-1,-1,0,0
elaborar,10,3,-7,-1,1,0,0
combatre,4,2,-2,-1,1,-1,0
fomentar,5,3,-2,-1,1,0,0
inscriure,1,2,-1,-1,-1,-1,0
recollir,2,8,-6,-1,-1,0,0
anar,4,4,0,0,1,0,0
signar,36,8,-28,-1,1,0,0
incloure,13,5,8,1,-1,0,0
col·laborar,7,18,-11,-1,-1,0,0
arribar,3,12,-9,-1,-1,0,0
denunciar,3,4,-1,-1,-1,0,0
xocar,3,17,-14,-1,-1,0,0
anar,5,2,3,1,-1,0,0
xocar,2,2,0,0,-1,-1,0
quedar,1,5,-4,-1,-1,0,0
donar,1,5,-4,-1,-1,0,0
quedar,2,10,-8,-1,-1,0,0
celebrar,9,8,-1,-1,1,0,0
comercialitzar,11,3,-8,-1,1,0,0
iniciar,3,2,1,1,-1,0,0
gaudir,5,6,-1,-1,-1,0,0
guardonar,32,9,23,1,-1,0,0
afectar,3,2,1,1,-1,0,0
afectar,3,2,1,1,-1,0,0
fer,1,17,-16,-1,-1,0,0
exercir,2,3,-1,-1,-1,0,0
abandonar,4,4,0,0,-1,0,0
allargar,3,3,0,0,-1,0,0
perjudicar,2,4,-2,-1,-1,0,0
negociar,11,8,-3,-1,1,0,0
quedar,18,3,-15,-1,1,0,0
posar,5,7,-2,-1,-1,0,0
optimitzar,5,12,-7,-1,-1,0,0
tenir,8,4,-4,-1,1,0,0
crear,3,2,1,1,-1,0,0
perpetuar,4,6,-2,-1,-1,0,0
ficar,1,7,-6,-1,-1,-1,0
cobrir,1,6,-5,-1,-1,-1,0
respondre,3,2,1,1,-1,0,0
dur,5,3,-2,-1,1,0,0
constar,4,6,-2,-1,-1,0,0
donar,5,4,-1,-1,1,0,0
complir,2,8,-6,-1,-1,0,0
subscriure,4,6,-2,-1,-1,0,0
presentar,3,7,-4,-1,-1,0,0
manifestar,6,10,-4,-1,-1,0,0
perdre,5,5,0,0,-1,0,0
fixar,3,3,0,0,-1,0,0
constituir,2,3,-1,-1,-1,1,0
desconvocar,5,13,-8,-1,-1,0,0
perdre,2,5,-3,-1,-1,0,0
rebre,6,3,-3,-1,1,0,0
realitzar,6,4,-2,-1,1,0,0
millorar,1,4,-3,-1,-1,0,0
saldar,7,6,-1,-1,1,0,0
provocar,3,12,-9,-1,-1,0,0
iniciar,2,7,-5,-1,-1,0,0
baixar,2,26,-24,-1,-1,0,0
culminar,2,5,-3,-1,-1,0,0
posar,3,2,1,1,-1,0,0
comprar,1,3,-2,-1,-1,0,0
fer,2,6,-4,-1,-1,0,0
impedir,13,14,-1,-1,-1,0,0
prendre,2,5,-3,-1,-1,0,0
descobrir,4,6,2,1,1,0,0
tenir,1,6,-5,-1,-1,0,0
celebrar,2,3,-1,-1,-1,0,0
capturar,5,5,0,0,-1,0,0
mantenir,3,3,0,0,-1,0,0
sortir,1,9,-8,-1,-1,0,0
atendre,2,3,-1,-1,-1,0,0
desplaçar,1,3,-2,-1,-1,-1,0
treballar,2,3,-1,-1,-1,0,0
provocar,6,5,1,1,-1,0,0
tallar,9,4,5,1,-1,0,0
fer,5,14,-9,-1,-1,0,0
travessar,2,4,-2,-1,-1,0,0
evitar,4,8,-4,-1,-1,0,0
realitzar,4,4,0,0,-1,0,0
facilitar,2,7,-5,-1,-1,0,0
interrompre,6,5,1,1,-1,0,0
impedir,3,7,-4,-1,-1,0,0
derivar,13,5,-8,-1,1,0,0
acollir,15,5,10,1,-1,0,0
recórrer,3,3,0,0,1,0,0
recopilar,4,11,-7,-1,-1,0,0
reunir,6,2,4,1,-1,0,0
obtenir,1,9,-8,-1,-1,0,0
aparèixer,1,3,-2,-1,-1,0,0
nedar,2,5,-3,-1,-1,0,0
tenir,9,17,-8,-1,-1,0,0
fer,5,3,-2,-1,1,0,0
celebrar,3,24,-21,-1,-1,0,0
exercir,3,9,-6,-1,-1,0,0
oferir,3,5,-2,-1,-1,0,0
submergir,1,4,-3,-1,-1,-1,0
posar,4,3,-1,-1,1,0,0
presentar,8,5,3,1,-1,0,0
donar,19,7,-12,-1,1,0,0
anar,2,2,0,0,1,0,0
confeccionar,11,5,6,1,-1,0,0
crear,2,7,-5,-1,-1,0,0
recolzar,4,39,-35,-1,-1,0,0
pressionar,6,3,-3,-1,1,0,0
perdre,1,10,-9,-1,-1,0,0
tenir,2,5,-3,-1,-1,0,0
mantenir,1,6,-5,-1,-1,0,0
frenar,7,8,-1,-1,-1,0,0
afectar,2,4,-2,-1,-1,0,0
quedar,3,7,-4,-1,-1,0,0
retenir,2,5,-3,-1,-1,0,0
emprendre,10,3,-7,-1,1,0,0
resultar,2,19,-17,-1,-1,0,0
donar,3,4,-1,-1,-1,0,0
sortir,11,6,-5,-1,1,0,0
alliberar,2,3,1,1,1,0,0
protegir,1,3,-2,-1,-1,-1,0
sostenir,2,3,1,1,1,0,0
normalitzar,10,3,7,1,-1,0,0
rebre,2,64,-62,-1,-1,0,0
participar,35,3,-32,-1,1,0,0
fer,1,2,-1,-1,-1,-1,0
registrar,9,5,4,1,-1,0,0
registrar,2,27,-25,-1,-1,0,0
reforçar,6,20,-14,-1,-1,0,0
atendre,8,3,5,1,-1,0,0
coordinar,18,9,9,1,-1,0,0
col·locar,1,2,-1,-1,-1,0,0
formar,2,7,-5,-1,-1,0,0
plantejar,5,13,-8,-1,-1,0,0
col·locar,2,2,0,0,-1,0,0
guardonar,3,31,-28,-1,-1,0,0
tenir,2,2,0,0,-1,0,0
presentar,17,7,-10,-1,1,0,0
fer,3,5,-2,-1,-1,0,0
generar,4,20,-16,-1,-1,0,0
aprovar,6,8,2,1,1,0,0
rebre,2,3,-1,-1,-1,0,0
dissenyar,5,3,-2,-1,1,0,0
complir,2,2,0,0,1,0,0
reduir,3,5,-2,-1,-1,0,0
seguir,17,2,-15,-1,1,0,0
disparar,18,3,-15,-1,1,0,0
provocar,8,4,4,1,-1,0,0
accedir,12,14,-2,-1,-1,0,0
elegir,6,3,3,1,-1,0,0
limitar,6,7,1,1,1,0,0
celebrar,2,10,8,1,1,0,0
aconseguir,1,4,-3,-1,-1,-1,0
desallotjar,4,3,-1,-1,1,0,0
ocupar,3,5,-2,-1,-1,0,0
realitzar,1,2,-1,-1,-1,0,0
destacar,17,3,-14,-1,1,0,0
descendir,14,9,5,1,-1,0,0
superar,7,2,-5,-1,1,0,0
tenir,2,3,-1,-1,-1,0,0
rebre,4,30,-26,-1,-1,0,0
triar,4,4,0,0,-1,0,0
passar,2,4,2,1,1,0,0
obeir,11,8,3,1,-1,0,0
descarregar,14,4,-10,-1,1,0,0
accedir,4,4,0,0,-1,0,0
divulgar,10,3,-7,-1,1,0,0
col·laborar,7,6,1,1,-1,0,0
resoldre,2,4,-2,-1,-1,0,0
contreure,2,4,-2,-1,-1,0,0
suprimir,4,4,0,0,-1,0,0
registrar,11,7,-4,-1,1,0,0
crear,3,4,-1,-1,-1,0,0
adquirir,5,2,3,1,-1,0,0
invertir,4,2,2,1,-1,0,0
començar,6,14,-8,-1,-1,0,0
repartir,1,4,-3,-1,-1,0,0
invertir,4,5,-1,-1,-1,0,0
invertir,5,4,1,1,-1,0,0
incrementar,2,3,1,1,1,0,0
tenir,5,2,3,1,-1,0,0
abastir,3,12,-9,-1,-1,0,0
dirigir,2,3,-1,-1,-1,0,0
recollir,4,19,-15,-1,-1,0,0
posar,28,4,-24,-1,1,0,0
soterrar,2,5,-3,-1,-1,0,0
transportar,5,2,3,1,-1,0,0
créixer,4,2,-2,-1,1,0,0
participar,11,2,9,1,-1,0,0
esmentar,2,4,-2,-1,-1,0,0
reconèixer,4,6,2,1,1,0,0
premiar,2,8,-6,-1,-1,0,0
publicar,17,3,-14,-1,1,0,0
retirar,4,2,2,1,-1,0,0
impulsar,3,2,1,1,-1,0,0
documentar,28,5,-23,-1,1,0,0
adoptar,4,2,2,1,-1,0,0
reprendre,9,4,-5,-1,1,0,0
mostrar,47,2,-45,-1,1,0,0
repassar,20,7,13,1,-1,0,0
celebrar,5,4,1,1,-1,0,0
passar,2,2,0,0,1,0,0
disparar,3,3,0,0,-1,0,0
disparar,3,2,1,1,-1,0,0
convocar,8,8,0,0,-1,0,0
passar,15,3,-12,-1,1,0,0
deixar,2,11,-9,-1,-1,0,0
dirigir,2,5,-3,-1,-1,0,0
tenir,1,2,-1,-1,-1,0,0
arranjar,3,4,-1,-1,-1,0,0
proposar,8,2,-6,-1,1,0,0
fer,4,6,-2,-1,-1,0,0
fixar,16,4,-12,-1,1,0,0
cursar,3,6,-3,-1,-1,0,0
signar,4,5,-1,-1,-1,0,0
celebrar,3,36,-33,-1,-1,0,0
rebre,25,6,-19,-1,1,0,0
representar,4,3,1,1,-1,0,0
regalar,1,15,-14,-1,-1,0,0
descobrir,10,10,0,0,1,0,0
detenir,5,5,0,0,-1,0,0
analitzar,6,2,-4,-1,1,0,0
perdre,3,8,-5,-1,-1,0,0
connectar,13,3,-10,-1,1,0,0
guanyar,7,4,3,1,-1,0,0
mantenir,1,2,-1,-1,-1,-1,0
suspendre,14,3,-11,-1,1,0,0
introduir,2,3,1,1,1,0,0
distingir,2,12,-10,-1,-1,0,0
localitzar,1,9,-8,-1,-1,-1,0
destacar,12,5,-7,-1,1,0,0
veure,4,5,1,1,1,0,0
visitar,4,4,0,0,-1,0,0
patir,1,2,-1,-1,-1,0,0
escortar,3,7,-4,-1,-1,0,0
establir,2,5,-3,-1,-1,0,0
mostrar,3,15,-12,-1,-1,0,0
tenir,1,3,-2,-1,-1,0,0
fer,11,6,-5,-1,1,0,0
impulsar,4,9,-5,-1,-1,0,0
aconseguir,5,2,3,1,-1,0,0
copar,2,6,-4,-1,-1,0,0
desplaçar,1,11,-10,-1,-1,-1,0
adquirir,6,9,3,1,1,0,0
duplicar,2,7,-5,-1,-1,0,0
mostrar,12,13,-1,-1,-1,0,0
mostrar,13,15,-2,-1,-1,0,0
envoltar,5,4,1,1,-1,0,0
utilitzar,14,3,-11,-1,1,0,0
imposar,3,5,-2,-1,-1,0,0
reunir,1,4,-3,-1,-1,-1,0
mantenir,3,7,-4,-1,-1,0,0
mantenir,2,3,-1,-1,-1,0,0
conèixer,4,3,-1,-1,1,0,0
col·locar,2,7,-5,-1,-1,0,0
proposar,10,3,7,1,-1,0,0
celebrar,5,4,1,1,-1,0,0
quedar,5,8,-3,-1,-1,0,0
acompanyar,3,7,-4,-1,-1,0,0
traslladar,3,2,1,1,-1,0,0
sobrevolar,4,2,-2,-1,1,0,0
reduir,4,6,-2,-1,-1,0,0
augurar,8,4,4,1,-1,0,0
tenir,1,16,-15,-1,-1,0,0
representar,8,2,-6,-1,1,0,0
créixer,1,6,-5,-1,-1,0,0
omplir,2,3,-1,-1,-1,0,0
dipositar,9,5,4,1,-1,0,0
donar,3,2,1,1,-1,0,0
llegir,12,3,-9,-1,1,0,0
fer,2,7,-5,-1,-1,0,0
fer,2,23,-21,-1,-1,0,0
donar,1,11,-10,-1,-1,0,0
posar,2,8,-6,-1,-1,0,0
complir,8,2,-6,-1,1,0,0
registrar,13,6,-7,-1,1,0,0
reduir,1,5,-4,-1,-1,-1,0
disputar,5,3,2,1,-1,0,0
acabar,2,2,0,0,-1,0,0
experimentar,5,6,1,1,1,0,0
tancar,2,6,-4,-1,-1,0,0
patrocinar,6,25,-19,-1,-1,0,0
millorar,2,3,-1,-1,-1,0,0
continuar,2,6,-4,-1,-1,0,0
interceptar,1,12,-11,-1,-1,-1,0
tenir,2,4,-2,-1,-1,0,0
estrenar,2,3,-1,-1,-1,0,0
anar,5,3,-2,-1,1,0,0
donar,3,4,1,1,1,0,0
superar,4,2,-2,-1,1,0,0
pagar,11,10,1,1,-1,0,0
obtenir,14,4,10,1,-1,0,0
interferir,2,3,-1,-1,-1,0,0
assessorar,2,6,-4,-1,-1,0,0
baixar,2,4,-2,-1,-1,0,0
potenciar,2,2,0,0,-1,0,0
traslladar,3,2,1,1,-1,0,0
edificar,4,5,-1,-1,-1,0,0
respondre,17,2,-15,-1,1,0,0
donar,19,4,-15,-1,1,0,0
voler,4,7,-3,-1,-1,0,0
passar,2,4,2,1,1,0,0
quedar,2,24,-22,-1,-1,0,0
ampliar,3,3,0,0,-1,0,0
contribuir,3,6,-3,-1,-1,0,0
tenir,10,17,-7,-1,-1,0,0
tenir,2,4,-2,-1,-1,0,0
arribar,29,2,-27,-1,1,0,0
augmentar,2,4,-2,-1,-1,0,0
mantenir,3,6,-3,-1,-1,0,0
anar,5,3,2,1,-1,0,0
demanar,2,5,-3,-1,-1,0,0
suspendre,2,2,0,0,-1,0,0
evitar,1,12,-11,-1,-1,0,0
acompanyar,9,8,1,1,-1,0,0
presentar,30,5,-25,-1,1,0,0
passar,2,2,0,0,-1,0,0
sorprendre,21,12,9,1,-1,0,0
veure,3,11,-8,-1,-1,0,0
considerar,2,4,-2,-1,-1,0,0
recrear,6,2,-4,-1,1,0,0
mostrar,18,4,-14,-1,1,0,0
exposar,10,4,-6,-1,1,0,0
rebre,13,10,-3,-1,1,0,0
mantenir,10,7,3,1,-1,0,0
escridassar,5,13,8,1,1,0,0
quedar,1,6,-5,-1,-1,0,0
tenir,5,6,-1,-1,-1,0,0
suportar,2,4,-2,-1,-1,0,0
esgarrapar,6,2,4,1,-1,0,0
eludir,3,4,-1,-1,-1,0,0
comptar,7,9,-2,-1,-1,0,0
derrotar,2,2,0,0,-1,0,0
arribar,2,14,-12,-1,-1,0,0
patir,5,6,-1,-1,-1,0,0
derrotar,6,4,2,1,-1,0,0
escoltar,2,3,-1,-1,-1,0,0
rebre,5,4,1,1,-1,0,0
establir,3,6,-3,-1,-1,0,0
donar,16,3,-13,-1,1,0,0
pujar,2,2,0,0,-1,0,0
millorar,3,3,0,0,-1,0,0
defraudar,2,3,-1,-1,-1,0,0
detenir,6,23,-17,-1,-1,0,0
exercir,5,19,-14,-1,-1,0,0
obtenir,3,3,0,0,-1,0,0
tancar,3,15,-12,-1,-1,0,0
demanar,3,3,0,0,-1,0,0
disposar,6,4,2,1,-1,0,0
tenir,3,3,0,0,-1,0,0
emetre,18,4,-14,-1,1,0,0
anar,15,13,-2,-1,1,0,0
arribar,3,11,-8,-1,-1,0,0
mantenir,2,6,-4,-1,-1,0,0
fer,6,2,-4,-1,1,0,0
fer,4,2,2,1,-1,0,0
reprendre,2,15,-13,-1,-1,0,0
arribar,3,11,-8,-1,-1,0,0
iniciar,26,5,-21,-1,1,0,0
contribuir,1,14,-13,-1,-1,-1,0
representar,4,3,1,1,-1,0,0
cancel·lar,7,2,5,1,-1,0,0
caure,2,7,-5,-1,-1,0,0
tenir,3,5,-2,-1,-1,0,0
aconseguir,14,8,-6,-1,1,0,0
augmentar,2,2,0,0,-1,0,0
deure,34,6,28,1,-1,0,0
créixer,2,2,0,0,-1,0,0
anar,2,2,0,0,1,0,0
obrir,4,26,-22,-1,-1,0,0
desallotjar,2,2,0,0,-1,0,0
augmentar,2,3,-1,-1,-1,0,0
treure,2,16,-14,-1,-1,0,0
mossegar,2,5,-3,-1,-1,0,0
elogiar,26,3,-23,-1,1,0,0
presentar,9,4,-5,-1,1,0,0
barrejar,5,3,-2,-1,1,0,0
gestionar,2,4,-2,-1,-1,0,0
qualificar,3,8,-5,-1,-1,0,0
obtenir,11,20,-9,-1,-1,0,0
robar,12,4,-8,-1,1,0,0
demostrar,8,8,0,0,-1,0,0
exposar,3,17,-14,-1,-1,0,0
coordinar,9,5,-4,-1,1,0,0
recollir,16,4,-12,-1,1,0,0
entaular,3,4,-1,-1,-1,0,0
finançar,13,7,-6,-1,1,0,0
professionalitzar,5,5,0,0,-1,0,0
controlar,3,3,0,0,1,0,0
complir,16,2,-14,-1,1,-1,0
gestionar,6,10,-4,-1,-1,0,0
recollir,18,8,10,1,-1,0,0
accedir,4,20,-16,-1,-1,0,0
tenir,10,7,3,1,-1,0,0
pretendre,8,5,-3,-1,1,0,0
considerar,4,3,-1,-1,1,0,0
fer,3,5,-2,-1,-1,0,0
incloure,27,7,-20,-1,1,0,0
alimentar,7,5,2,1,-1,0,0
perpetrar,6,6,0,0,-1,0,0
incloure,5,5,0,0,1,0,0
