Verb,NP_len,PP_len,Len_diff,Len,Arg_status,Pronominality,Order
_,2,20,18,1,1,0,1
_,7,6,-1,-1,1,0,1
_,7,3,4,1,-1,0,1
_,3,3,0,0,1,0,1
_,2,33,31,1,1,0,1
Ã©riger,2,2,0,0,1,0,1
_,4,6,2,1,1,0,1
_,3,10,7,1,1,0,1
_,5,10,5,1,1,0,1
_,2,41,39,1,1,0,1
_,3,46,43,1,1,0,1
_,2,11,9,1,1,0,1
_,3,12,9,1,1,0,1
_,52,7,45,1,-1,0,1
_,5,15,-10,-1,-1,0,1
_,3,19,16,1,1,0,1
_,9,4,5,1,-1,0,1
_,5,5,0,0,1,-1,1
_,9,14,5,1,1,0,1
_,2,2,0,0,1,0,1
_,2,3,1,1,1,0,1
_,8,3,5,1,-1,0,1
_,2,10,8,1,1,0,1
_,22,7,15,1,-1,0,1
ajouter,18,2,16,1,-1,1,1
_,2,6,4,1,1,0,1
_,6,19,13,1,1,0,1
_,7,4,-3,-1,1,0,1
_,10,3,-7,-1,1,0,1
_,2,3,1,1,1,0,1
_,2,5,3,1,1,0,1
_,11,13,2,1,1,0,1
_,5,6,1,1,1,0,1
_,3,25,22,1,1,0,1
_,19,4,15,1,-1,0,1
_,7,3,-4,-1,1,0,1
_,5,5,0,0,1,0,1
_,2,4,2,1,1,0,1
_,2,3,1,1,1,0,1
_,21,2,19,1,-1,0,1
_,3,6,3,1,1,0,1
_,9,18,9,1,1,0,1
_,4,4,0,0,-1,0,1
_,11,4,7,1,-1,0,1
_,5,14,9,1,1,0,1
_,7,4,3,1,-1,0,1
_,3,3,0,0,1,0,1
_,4,4,0,0,1,0,1
_,4,10,6,1,1,0,1
_,6,14,8,1,1,0,1
_,2,5,3,1,1,0,1
_,4,9,-5,-1,-1,0,1
_,2,4,2,1,1,0,1
_,3,7,4,1,1,-1,1
_,3,6,3,1,1,0,1
_,3,9,6,1,1,0,1
_,6,8,2,1,1,0,1
_,3,10,7,1,1,0,1
_,1,4,3,1,1,0,1
_,1,4,3,1,1,0,1
_,2,2,0,0,1,0,1
_,10,4,6,1,-1,0,1
_,2,6,4,1,1,0,1
_,1,29,28,1,1,0,1
_,2,2,0,0,-1,0,1
_,5,3,2,1,-1,1,1
_,1,13,12,1,1,0,1
_,6,5,1,1,-1,0,1
_,1,7,6,1,1,0,1
_,2,17,15,1,1,0,1
_,2,2,0,0,-1,0,1
_,3,8,5,1,1,0,1
_,3,6,3,1,1,0,1
_,2,3,1,1,1,0,1
_,6,5,-1,-1,1,0,1
_,3,17,14,1,1,0,1
_,2,10,8,1,1,0,1
_,3,2,1,1,-1,0,1
_,2,3,1,1,1,0,1
_,5,4,1,1,-1,0,1
_,2,3,1,1,1,0,1
_,4,8,4,1,1,0,1
_,4,3,-1,-1,1,0,1
_,2,6,4,1,1,0,1
_,2,4,2,1,1,0,1
_,2,8,6,1,1,0,1
_,6,2,4,1,-1,0,1
_,5,8,3,1,1,0,1
_,8,7,-1,-1,1,0,1
_,7,3,4,1,-1,0,1
_,5,6,1,1,1,0,1
_,3,3,0,0,-1,0,1
_,10,4,6,1,-1,0,1
_,11,22,11,1,1,0,1
_,2,41,39,1,1,0,1
_,2,8,6,1,1,0,1
_,14,3,11,1,-1,0,1
_,7,4,3,1,-1,0,1
_,3,2,-1,-1,1,0,1
_,10,7,3,1,-1,0,1
_,2,21,19,1,1,0,1
_,8,24,16,1,1,0,1
_,12,3,-9,-1,1,0,1
_,2,9,7,1,1,0,1
_,2,2,0,0,-1,0,1
_,15,4,11,1,-1,0,1
_,2,5,3,1,1,0,1
_,4,6,2,1,1,0,1
_,7,3,-4,-1,1,0,1
_,2,6,4,1,1,0,1
_,2,9,7,1,1,0,1
_,5,8,3,1,1,0,1
_,8,3,-5,-1,1,0,1
_,4,8,4,1,1,0,1
_,18,11,-7,-1,1,0,1
_,3,28,25,1,1,-1,1
_,3,3,0,0,-1,0,1
_,3,3,0,0,1,0,1
_,2,4,2,1,1,0,1
_,25,5,20,1,-1,0,1
_,4,4,0,0,1,0,1
_,3,2,-1,-1,1,0,1
_,2,3,1,1,1,0,1
_,2,4,2,1,1,0,1
_,3,3,0,0,1,0,1
_,2,3,1,1,1,0,1
_,18,3,15,1,-1,0,1
_,2,17,15,1,1,0,1
_,3,9,6,1,1,0,1
_,5,5,0,0,1,0,1
_,3,14,11,1,1,0,1
_,8,8,0,0,1,0,1
_,8,3,5,1,-1,0,1
_,9,4,-5,-1,1,0,1
_,4,8,4,1,1,0,1
_,8,4,4,1,-1,0,1
_,2,4,2,1,1,0,1
_,2,2,0,0,1,0,1
_,5,4,1,1,-1,0,1
_,6,3,-3,-1,1,0,1
_,2,11,9,1,1,0,1
_,4,2,-2,-1,1,0,1
_,2,2,0,0,1,0,1
_,3,4,1,1,1,0,1
_,8,7,-1,-1,1,0,1
_,4,2,-2,-1,1,0,1
_,2,2,0,0,1,0,1
_,2,26,24,1,1,0,1
_,7,3,-4,-1,1,0,1
_,10,4,-6,-1,1,0,1
_,1,9,8,1,1,0,1
_,13,2,11,1,-1,0,1
_,3,6,3,1,1,0,1
_,2,3,1,1,1,-1,1
_,3,12,9,1,1,0,1
_,7,4,3,1,-1,0,1
_,5,4,-1,-1,1,0,1
_,3,3,0,0,-1,0,1
_,6,19,13,1,1,0,1
_,7,5,2,1,-1,0,1
_,2,3,1,1,1,0,1
_,2,5,3,1,1,0,1
_,3,7,4,1,1,0,1
_,2,23,21,1,1,0,1
_,15,14,-1,-1,1,0,1
_,5,3,-2,-1,1,0,1
_,1,4,3,1,1,0,1
_,37,10,27,1,-1,0,1
_,3,4,1,1,1,0,1
_,11,3,8,1,-1,0,1
_,5,4,-1,-1,1,1,1
_,9,3,6,1,-1,0,1
_,1,2,1,1,1,0,1
_,2,16,14,1,1,0,1
_,2,6,4,1,1,0,1
_,8,2,-6,-1,1,0,1
_,3,2,-1,-1,1,0,1
_,14,3,-11,-1,1,0,1
_,4,6,2,1,1,0,1
_,14,6,-8,-1,1,0,1
_,3,3,0,0,-1,0,1
_,3,6,3,1,1,0,1
_,6,7,1,1,1,0,1
_,6,22,16,1,1,0,1
_,4,4,0,0,1,0,1
_,12,7,5,1,-1,0,1
_,4,4,0,0,1,0,1
_,2,3,1,1,1,0,1
_,3,8,5,1,1,0,1
_,2,5,3,1,1,0,1
_,3,28,25,1,1,0,1
_,2,12,10,1,1,0,1
_,6,6,0,0,-1,0,1
_,4,8,4,1,1,0,1
_,2,3,1,1,1,0,1
_,8,3,-5,-1,1,0,1
_,4,6,-2,-1,-1,0,1
_,7,5,-2,-1,1,0,1
_,4,4,0,0,1,0,1
_,2,34,32,1,1,0,1
_,5,9,4,1,1,0,1
_,7,4,-3,-1,1,0,1
_,2,3,1,1,1,0,1
_,6,5,-1,-1,1,0,1
_,6,4,2,1,-1,0,1
_,5,8,3,1,1,0,1
_,4,10,6,1,1,0,1
_,2,4,2,1,1,0,1
_,27,2,25,1,-1,0,1
_,4,3,-1,-1,1,0,1
_,17,2,15,1,-1,0,1
_,8,10,2,1,1,0,1
_,5,3,2,1,-1,0,1
_,2,5,3,1,1,0,1
_,2,3,1,1,1,0,1
_,6,36,30,1,1,0,1
_,2,4,2,1,1,0,1
_,4,5,1,1,1,0,1
_,4,4,0,0,1,0,1
_,12,5,-7,-1,1,0,1
_,3,7,4,1,1,0,1
_,3,3,0,0,1,0,1
_,9,9,0,0,1,0,1
_,7,3,4,1,-1,0,1
_,7,3,4,1,-1,0,1
_,6,5,-1,-1,1,0,1
_,5,10,5,1,1,-1,1
_,4,9,5,1,1,0,1
_,2,20,18,1,1,0,1
_,2,7,5,1,1,0,1
_,1,7,6,1,1,0,1
_,2,7,5,1,1,0,1
_,2,8,6,1,1,0,1
_,2,4,2,1,1,0,1
_,7,4,-3,-1,1,0,1
_,3,3,0,0,1,0,1
_,2,19,17,1,1,0,1
_,3,4,1,1,1,0,1
_,2,7,5,1,1,0,1
_,1,7,6,1,1,0,1
_,8,23,-15,-1,-1,0,1
_,25,4,21,1,-1,0,1
falloir,15,2,13,1,-1,0,1
_,10,6,4,1,-1,0,1
_,6,16,10,1,1,0,1
_,1,11,10,1,1,0,1
_,3,3,0,0,1,0,1
_,4,3,-1,-1,1,0,1
_,7,2,-5,-1,1,0,1
_,11,6,5,1,-1,0,1
_,3,3,0,0,1,0,1
_,8,6,2,1,-1,0,1
_,2,11,9,1,1,0,1
_,3,2,-1,-1,1,0,1
_,3,3,0,0,1,0,1
_,13,3,10,1,-1,0,1
_,3,6,3,1,1,0,1
_,2,8,6,1,1,0,1
_,7,5,-2,-1,1,0,1
_,2,15,13,1,1,0,1
_,3,10,-7,-1,-1,0,1
_,23,4,19,1,-1,0,1
_,2,4,2,1,1,0,1
_,3,13,10,1,1,0,1
_,1,3,2,1,1,0,1
_,2,3,1,1,1,0,1
_,1,3,2,1,1,0,1
_,9,3,6,1,-1,0,1
_,3,6,3,1,1,0,1
_,3,9,6,1,1,0,1
_,25,4,21,1,-1,1,1
_,9,2,7,1,-1,1,1
_,2,8,6,1,1,0,1
_,4,21,17,1,1,0,1
_,6,2,4,1,-1,0,1
_,1,2,1,1,1,0,1
_,1,3,2,1,1,1,1
_,1,24,23,1,1,0,1
_,2,4,2,1,1,0,1
_,5,8,3,1,1,0,1
_,1,2,1,1,1,-1,1
_,7,2,5,1,-1,0,1
_,1,4,3,1,1,0,1
_,2,5,3,1,1,0,1
_,2,5,3,1,1,0,1
_,2,4,2,1,1,0,1
_,1,35,34,1,1,1,1
_,2,3,1,1,1,0,1
_,11,9,-2,-1,1,0,1
_,11,4,-7,-1,1,0,1
_,2,5,3,1,1,0,1
_,3,3,0,0,-1,0,1
_,23,5,18,1,-1,0,1
_,2,4,2,1,1,0,1
_,3,4,1,1,1,0,1
_,10,4,6,1,-1,0,1
_,3,3,0,0,1,0,1
_,7,3,4,1,-1,0,1
_,1,2,1,1,1,0,1
_,2,7,5,1,1,0,1
_,3,4,1,1,1,0,1
_,2,8,6,1,1,0,1
_,2,7,5,1,1,0,1
_,2,7,5,1,1,0,1
_,10,6,4,1,-1,1,1
_,2,13,11,1,1,0,1
_,2,4,2,1,1,0,1
_,7,3,-4,-1,1,0,1
_,2,23,21,1,1,0,1
_,3,10,7,1,1,0,1
_,7,9,2,1,1,0,1
_,4,3,-1,-1,1,0,1
_,16,10,6,1,-1,0,1
_,4,13,9,1,1,0,1
_,4,5,1,1,1,1,1
_,12,3,9,1,-1,0,1
_,2,9,7,1,1,0,1
_,7,2,5,1,-1,0,1
_,8,4,-4,-1,1,0,1
_,2,3,1,1,1,0,1
_,2,13,11,1,1,0,1
_,5,3,2,1,-1,0,1
_,7,10,3,1,1,0,1
_,6,3,-3,-1,1,0,1
_,9,7,2,1,-1,0,1
_,5,4,1,1,-1,0,1
_,5,7,2,1,1,0,1
_,2,3,1,1,1,0,1
_,3,6,3,1,1,0,1
_,2,12,10,1,1,0,1
_,4,5,-1,-1,-1,0,1
_,2,2,0,0,1,0,1
_,12,2,10,1,-1,0,1
_,7,3,4,1,-1,0,1
_,2,3,1,1,1,0,1
_,22,10,12,1,-1,0,1
_,3,12,-9,-1,-1,0,1
_,2,6,4,1,1,0,1
_,5,14,9,1,1,0,1
_,5,5,0,0,1,0,1
_,4,9,5,1,1,0,1
_,4,3,1,1,-1,0,1
_,4,5,1,1,1,0,1
_,3,6,3,1,1,0,1
_,2,8,6,1,1,0,1
_,6,3,3,1,-1,0,1
_,9,5,4,1,-1,0,1
_,9,4,5,1,-1,0,1
_,4,4,0,0,1,0,1
_,2,5,3,1,1,0,1
_,4,13,9,1,1,0,1
_,2,3,1,1,1,0,1
_,20,3,17,1,-1,0,1
_,9,8,1,1,-1,0,1
_,2,3,1,1,1,0,1
_,7,5,-2,-1,1,0,1
_,1,23,22,1,1,0,1
_,19,2,17,1,-1,1,1
_,3,18,15,1,1,0,1
_,2,3,1,1,1,0,1
_,4,4,0,0,1,0,1
_,2,3,1,1,1,0,1
_,6,3,-3,-1,1,0,1
_,2,3,1,1,1,0,1
_,8,7,-1,-1,1,0,1
_,16,8,-8,-1,1,0,1
_,15,10,-5,-1,1,0,1
_,6,5,-1,-1,1,0,1
_,12,6,6,1,-1,0,1
_,3,11,-8,-1,-1,0,1
_,3,4,-1,-1,-1,1,1
_,5,4,-1,-1,1,0,1
_,12,6,6,1,-1,0,1
_,6,10,4,1,1,0,1
_,7,7,0,0,1,0,1
_,8,21,13,1,1,0,1
_,36,2,34,1,-1,0,1
_,3,3,0,0,1,0,1
_,2,3,1,1,1,0,1
_,4,9,5,1,1,0,1
_,4,7,3,1,1,0,1
_,2,4,2,1,1,-1,1
_,2,12,10,1,1,0,1
_,5,6,1,1,1,0,1
_,7,10,3,1,1,0,1
_,2,7,5,1,1,0,1
_,2,10,8,1,1,0,1
_,10,3,7,1,-1,0,1
_,4,6,2,1,1,0,1
_,2,10,8,1,1,0,1
_,2,3,1,1,1,0,1
_,6,9,3,1,1,0,1
_,2,6,4,1,1,0,1
_,2,7,5,1,1,0,1
_,4,5,1,1,1,0,1
_,3,3,0,0,1,0,1
_,4,9,5,1,1,0,1
_,6,10,4,1,1,0,1
_,4,2,-2,-1,1,0,1
_,2,14,12,1,1,0,1
_,4,3,-1,-1,1,0,1
_,3,20,17,1,1,0,1
_,8,3,5,1,-1,0,1
_,3,3,0,0,1,0,1
_,24,3,21,1,-1,0,1
_,10,6,4,1,-1,0,1
_,4,8,4,1,1,0,1
_,3,15,12,1,1,0,1
_,10,12,2,1,1,0,1
_,2,7,5,1,1,1,1
_,7,5,-2,-1,1,0,1
_,2,22,20,1,1,0,1
_,2,5,3,1,1,0,1
_,2,3,-1,-1,-1,0,1
_,2,2,0,0,1,0,1
_,5,7,2,1,1,0,1
_,30,3,27,1,-1,0,1
_,6,7,1,1,1,0,1
_,2,3,1,1,1,0,1
_,3,8,5,1,1,0,1
_,3,8,5,1,1,0,1
_,2,9,7,1,1,0,1
_,14,6,8,1,-1,0,1
_,2,16,14,1,1,0,1
_,2,2,0,0,1,-1,1
_,7,12,5,1,1,0,1
_,4,3,1,1,-1,0,1
_,2,7,5,1,1,0,1
_,3,7,4,1,1,0,1
_,2,6,4,1,1,0,1
_,2,4,2,1,1,0,1
_,3,3,0,0,1,0,1
_,3,7,4,1,1,0,1
_,14,3,11,1,-1,0,1
_,2,2,0,0,-1,1,1
_,4,13,9,1,1,0,1
_,1,3,2,1,1,0,1
_,2,10,8,1,1,0,1
_,2,4,2,1,1,0,1
_,5,6,1,1,1,0,1
_,5,15,10,1,1,0,1
_,2,2,0,0,1,-1,1
_,9,3,6,1,-1,0,1
_,4,8,-4,-1,-1,0,1
_,4,11,7,1,1,0,1
_,2,5,3,1,1,0,1
_,13,5,-8,-1,1,0,1
_,2,9,7,1,1,0,1
_,9,3,6,1,-1,0,1
_,8,3,5,1,-1,0,1
_,2,4,2,1,1,0,1
_,2,3,1,1,1,0,1
_,3,4,1,1,1,0,1
_,11,5,6,1,-1,0,1
_,2,3,1,1,1,0,1
_,3,10,-7,-1,-1,0,1
_,2,6,4,1,1,0,1
_,14,2,12,1,-1,0,1
_,2,15,13,1,1,0,1
_,2,13,11,1,1,0,1
_,2,22,20,1,1,0,1
_,2,4,2,1,1,0,1
_,6,7,1,1,1,0,1
_,3,3,0,0,1,0,1
_,6,4,2,1,-1,0,1
_,2,21,19,1,1,0,1
_,2,3,1,1,1,0,1
_,6,5,1,1,-1,0,1
_,26,9,17,1,-1,0,1
_,10,3,7,1,-1,0,1
_,5,3,-2,-1,1,0,1
_,6,3,3,1,-1,0,1
_,7,3,-4,-1,1,0,1
_,4,10,6,1,1,0,1
_,4,3,-1,-1,1,0,1
_,2,9,7,1,1,0,1
_,2,9,7,1,1,0,1
_,4,12,8,1,1,0,1
_,2,3,1,1,1,1,1
_,4,2,-2,-1,1,0,1
_,2,3,1,1,1,0,1
_,10,12,-2,-1,-1,0,1
_,7,7,0,0,-1,0,1
_,3,4,1,1,1,0,1
_,2,4,2,1,1,0,1
_,2,6,4,1,1,0,1
_,6,3,-3,-1,1,0,1
_,3,7,4,1,1,0,1
_,2,32,30,1,1,0,1
_,2,5,3,1,1,0,1
_,2,3,1,1,1,0,1
_,5,3,2,1,-1,0,1
_,7,4,3,1,-1,0,1
_,1,4,3,1,1,0,1
_,2,15,13,1,1,0,1
_,2,6,4,1,1,0,1
_,3,3,0,0,-1,0,1
_,12,13,1,1,1,0,1
_,2,2,0,0,1,0,1
_,2,13,11,1,1,0,1
_,24,3,21,1,-1,0,1
_,7,3,4,1,-1,0,1
_,24,3,21,1,-1,0,1
_,10,2,8,1,-1,0,1
_,1,20,19,1,1,0,1
_,2,5,3,1,1,0,1
_,2,3,1,1,1,0,1
_,3,3,0,0,1,0,1
_,3,3,0,0,1,0,1
_,2,8,6,1,1,0,1
_,3,44,41,1,1,0,1
_,10,26,16,1,1,0,1
_,6,3,-3,-1,1,0,1
_,11,2,-9,-1,1,0,1
_,2,32,30,1,1,0,1
_,4,4,0,0,1,0,1
_,2,3,1,1,1,0,1
_,3,4,1,1,1,0,1
_,3,4,1,1,1,0,1
_,21,2,19,1,-1,0,1
_,5,6,1,1,1,0,1
_,6,7,1,1,1,0,1
_,3,2,-1,-1,1,0,1
_,4,9,5,1,1,0,1
_,6,2,4,1,-1,0,1
_,2,24,22,1,1,0,1
_,2,17,15,1,1,0,1
_,12,3,9,1,-1,0,1
_,7,3,4,1,-1,0,1
_,4,3,-1,-1,1,0,1
_,9,11,2,1,1,1,1
_,2,3,1,1,1,0,1
_,9,6,3,1,-1,0,1
_,9,3,6,1,-1,0,1
_,6,3,3,1,-1,0,1
_,4,8,4,1,1,0,1
_,1,5,4,1,1,0,1
_,8,6,-2,-1,1,0,1
_,3,8,5,1,1,0,1
_,7,13,6,1,1,0,1
_,9,6,-3,-1,1,0,1
_,2,5,3,1,1,0,1
_,5,3,2,1,-1,0,1
_,5,8,3,1,1,0,1
_,4,4,0,0,1,0,1
_,3,17,14,1,1,0,1
_,2,3,1,1,1,0,1
_,6,2,-4,-1,1,0,1
_,6,5,-1,-1,1,0,1
_,4,11,7,1,1,0,1
_,1,3,2,1,1,0,1
_,2,4,2,1,1,0,1
_,2,8,6,1,1,0,1
_,2,2,0,0,-1,0,1
_,5,4,-1,-1,1,0,1
_,2,19,17,1,1,0,1
_,10,3,7,1,-1,0,1
_,6,4,-2,-1,1,0,1
_,6,3,3,1,-1,0,1
_,4,3,-1,-1,1,0,1
_,6,4,-2,-1,1,0,1
_,10,9,-1,-1,1,0,1
_,9,4,5,1,-1,0,1
_,3,19,16,1,1,0,1
_,16,6,10,1,-1,0,1
_,3,7,4,1,1,0,1
_,2,12,10,1,1,0,1
_,4,14,10,1,1,0,1
_,5,4,1,1,-1,0,1
_,2,4,2,1,1,0,1
_,7,6,-1,-1,1,0,1
_,3,4,1,1,1,0,1
_,1,11,10,1,1,0,1
_,16,5,11,1,-1,0,1
_,7,2,-5,-1,1,0,1
_,2,3,1,1,1,0,1
_,2,7,5,1,1,0,1
_,1,8,7,1,1,0,1
_,3,2,-1,-1,1,0,1
_,2,3,-1,-1,-1,0,1
_,1,5,4,1,1,1,1
_,3,3,0,0,1,0,1
_,4,6,2,1,1,0,1
_,7,6,1,1,-1,0,1
attendre,2,6,4,1,1,0,1
_,2,14,12,1,1,0,1
_,2,14,12,1,1,0,1
_,7,6,1,1,-1,0,1
_,2,12,10,1,1,0,1
_,12,6,6,1,-1,0,1
_,5,6,-1,-1,-1,0,1
_,2,4,2,1,1,0,1
appeler,2,3,1,1,1,0,1
_,5,3,-2,-1,1,0,1
_,10,5,5,1,-1,0,1
_,8,3,-5,-1,1,0,1
_,2,4,2,1,1,0,1
_,4,2,-2,-1,1,0,1
_,1,6,5,1,1,0,1
_,5,8,3,1,1,0,1
_,3,5,2,1,1,0,1
_,2,17,15,1,1,0,1
_,35,19,-16,-1,1,0,1
_,5,4,-1,-1,1,0,1
_,2,11,9,1,1,0,1
_,3,6,3,1,1,0,1
_,2,4,2,1,1,0,1
_,2,3,-1,-1,-1,0,1
_,2,8,6,1,1,0,1
_,5,2,-3,-1,1,0,1
_,5,5,0,0,1,0,1
_,2,3,1,1,1,0,1
_,3,3,0,0,1,0,1
_,2,9,7,1,1,0,1
_,3,4,-1,-1,-1,0,1
_,3,3,0,0,-1,0,1
_,1,2,1,1,1,0,1
_,2,4,2,1,1,0,1
_,11,11,0,0,-1,0,1
_,8,7,-1,-1,1,0,1
_,21,10,11,1,-1,0,1
_,3,16,13,1,1,0,1
_,8,3,5,1,-1,0,1
_,4,4,0,0,1,0,1
_,2,21,19,1,1,0,1
_,2,9,7,1,1,0,1
_,7,4,3,1,-1,0,1
_,2,8,6,1,1,0,1
_,2,19,17,1,1,0,1
_,5,12,-7,-1,-1,0,1
_,5,3,-2,-1,1,0,1
_,6,6,0,0,1,0,1
_,15,10,-5,-1,1,0,1
_,4,5,1,1,1,0,1
_,4,7,3,1,1,0,1
fusionner,21,13,-8,-1,1,0,1
_,4,2,-2,-1,1,0,1
_,1,16,15,1,1,0,1
_,8,4,4,1,-1,-1,1
_,2,3,1,1,1,0,1
_,5,4,-1,-1,1,0,1
_,7,2,-5,-1,1,0,1
_,4,7,3,1,1,0,1
_,3,5,2,1,1,0,1
_,2,3,1,1,1,0,1
_,20,2,18,1,-1,0,1
_,1,5,4,1,1,0,1
_,3,17,14,1,1,0,1
_,1,4,3,1,1,0,1
_,6,12,6,1,1,0,1
_,2,3,1,1,1,0,1
_,9,39,30,1,1,0,1
_,3,3,0,0,-1,0,1
_,6,6,0,0,-1,0,1
_,11,21,10,1,1,0,1
_,2,11,9,1,1,0,1
_,5,9,4,1,1,0,1
_,30,8,22,1,-1,0,1
_,2,10,8,1,1,0,1
_,3,20,17,1,1,0,1
_,6,14,-8,-1,-1,0,1
_,6,4,2,1,-1,0,1
_,4,5,-1,-1,-1,0,1
_,7,3,-4,-1,1,0,1
_,3,12,9,1,1,0,1
_,10,7,3,1,-1,0,1
_,11,4,7,1,-1,0,1
_,4,3,1,1,-1,0,1
_,9,3,6,1,-1,0,1
_,1,7,6,1,1,0,1
_,6,15,9,1,1,0,1
_,7,3,4,1,-1,0,1
_,30,2,28,1,-1,0,1
_,25,4,21,1,-1,0,1
_,15,3,12,1,-1,0,1
_,5,11,6,1,1,0,1
_,2,38,36,1,1,0,1
_,3,9,6,1,1,0,1
_,13,8,-5,-1,1,0,1
_,14,12,2,1,-1,0,1
_,3,5,-2,-1,-1,0,1
_,2,8,6,1,1,0,1
_,8,6,2,1,-1,0,1
_,3,3,0,0,1,0,1
_,14,13,1,1,-1,0,1
_,4,3,-1,-1,1,0,1
_,6,13,7,1,1,0,1
_,5,7,2,1,1,0,1
_,10,6,-4,-1,1,0,1
_,3,16,13,1,1,0,1
_,1,7,6,1,1,0,1
_,10,2,8,1,-1,0,1
_,3,6,3,1,1,0,1
_,5,5,0,0,-1,0,1
_,2,4,2,1,1,0,1
_,2,26,24,1,1,0,1
_,2,3,1,1,1,0,1
_,2,4,2,1,1,0,1
_,2,8,6,1,1,0,1
_,19,50,31,1,1,0,1
_,4,8,4,1,1,0,1
_,3,11,8,1,1,0,1
_,4,15,11,1,1,0,1
_,5,5,0,0,1,0,1
_,3,5,2,1,1,0,1
_,5,7,-2,-1,-1,0,1
_,4,5,1,1,1,0,1
_,6,4,-2,-1,1,0,1
_,2,13,11,1,1,0,1
_,6,10,4,1,1,0,1
_,8,12,4,1,1,0,1
_,2,4,2,1,1,0,1
_,2,4,2,1,1,0,1
_,5,3,2,1,-1,0,1
_,20,3,17,1,-1,0,1
_,2,11,9,1,1,0,1
_,2,4,2,1,1,0,1
_,1,13,12,1,1,0,1
_,2,29,27,1,1,0,1
_,6,4,2,1,-1,0,1
_,8,4,-4,-1,1,0,1
_,6,3,3,1,-1,0,1
_,2,12,10,1,1,0,1
_,4,5,1,1,1,0,1
_,2,3,1,1,1,0,1
_,2,7,5,1,1,0,1
_,11,7,-4,-1,1,0,1
_,2,2,0,0,1,0,1
DÃ©nicher,2,3,1,1,1,0,1
_,14,4,10,1,-1,0,1
_,6,7,1,1,1,0,1
_,2,3,1,1,1,0,1
_,8,7,-1,-1,1,0,1
_,4,3,-1,-1,1,0,1
_,4,2,-2,-1,1,0,1
_,2,2,0,0,1,0,1
_,5,22,17,1,1,0,1
_,26,4,22,1,-1,0,1
_,2,9,7,1,1,0,1
traiter,10,3,-7,-1,1,0,1
reprÃ©senter,5,6,1,1,1,0,1
_,2,7,5,1,1,0,1
_,1,3,2,1,1,1,1
_,6,3,3,1,-1,0,1
_,4,2,-2,-1,1,0,1
_,13,11,-2,-1,1,0,1
_,2,3,1,1,1,0,1
_,2,2,0,0,1,0,1
_,3,8,5,1,1,0,1
_,10,2,-8,-1,1,0,1
_,4,3,-1,-1,1,0,1
_,4,8,4,1,1,0,1
_,4,4,0,0,-1,0,1
_,5,2,-3,-1,1,0,1
_,2,5,3,1,1,0,1
_,6,3,-3,-1,1,0,1
_,3,7,4,1,1,0,1
_,13,10,3,1,-1,0,1
_,2,4,2,1,1,0,1
_,4,6,2,1,1,0,1
_,6,22,16,1,1,0,1
_,8,3,5,1,-1,0,1
_,5,6,1,1,1,0,1
_,2,3,1,1,1,0,1
_,2,12,10,1,1,0,1
_,3,4,1,1,1,0,1
_,3,2,1,1,-1,1,1
_,6,2,4,1,-1,0,1
_,2,3,-1,-1,-1,0,1
_,3,5,2,1,1,0,1
_,8,2,6,1,-1,1,1
_,2,6,4,1,1,0,1
_,12,5,7,1,-1,0,1
_,4,25,21,1,1,0,1
_,3,4,1,1,1,0,1
_,4,3,1,1,-1,0,1
_,6,4,2,1,-1,0,1
_,3,42,39,1,1,0,1
_,4,7,3,1,1,0,1
_,2,3,1,1,1,0,1
_,3,5,2,1,1,0,1
_,2,3,1,1,1,0,1
_,7,6,-1,-1,1,0,1
_,6,6,0,0,-1,0,1
_,6,5,-1,-1,1,0,1
_,3,2,-1,-1,1,0,1
_,3,7,4,1,1,0,1
_,4,9,5,1,1,0,1
_,6,2,4,1,-1,0,1
_,2,8,6,1,1,0,1
_,2,16,14,1,1,0,1
_,1,3,2,1,1,0,1
_,5,3,-2,-1,1,0,1
_,5,4,-1,-1,1,0,1
_,8,7,-1,-1,1,0,1
_,2,23,21,1,1,0,1
_,7,38,31,1,1,0,1
_,2,6,4,1,1,0,1
_,10,3,7,1,-1,0,1
_,10,2,8,1,-1,0,1
_,4,2,-2,-1,1,0,1
_,10,4,-6,-1,1,0,1
_,12,4,8,1,-1,0,1
_,3,8,5,1,1,0,1
_,4,2,-2,-1,1,0,1
_,3,3,0,0,-1,0,1
_,7,21,14,1,1,0,1
_,3,4,1,1,1,0,1
_,2,6,4,1,1,0,1
_,22,2,20,1,-1,0,1
_,3,3,0,0,-1,0,1
_,4,22,18,1,1,0,1
_,40,3,37,1,-1,0,1
_,2,3,1,1,1,0,1
_,2,6,4,1,1,0,1
_,6,31,25,1,1,-1,1
_,14,7,7,1,-1,0,1
_,8,3,5,1,-1,0,1
_,5,11,6,1,1,0,1
_,2,13,11,1,1,0,1
_,7,2,5,1,-1,0,1
_,3,6,3,1,1,0,1
_,3,3,0,0,1,0,1
_,8,6,-2,-1,1,0,1
_,2,6,4,1,1,0,1
_,2,8,6,1,1,0,1
_,2,3,1,1,1,0,1
_,9,6,-3,-1,1,0,1
_,2,23,21,1,1,0,1
_,7,5,-2,-1,1,0,1
_,21,5,16,1,-1,0,1
_,8,4,4,1,-1,0,1
_,3,4,1,1,1,0,1
_,19,2,17,1,-1,0,1
_,2,5,3,1,1,0,1
_,9,4,-5,-1,1,0,1
_,2,8,6,1,1,0,1
_,4,3,1,1,-1,0,1
_,2,7,5,1,1,0,1
_,2,3,1,1,1,0,1
_,5,30,25,1,1,0,1
_,2,14,12,1,1,0,1
_,8,10,2,1,1,0,1
_,5,4,-1,-1,1,0,1
_,3,6,3,1,1,0,1
_,2,6,4,1,1,0,1
_,3,11,8,1,1,0,1
_,6,11,5,1,1,0,1
_,15,5,-10,-1,1,0,1
_,13,2,11,1,-1,0,1
_,7,6,-1,-1,1,0,1
_,12,2,10,1,-1,1,1
_,3,6,3,1,1,0,1
_,13,5,-8,-1,1,0,1
_,7,8,1,1,1,0,1
_,2,7,5,1,1,0,1
_,3,4,1,1,1,0,1
_,12,6,-6,-1,1,0,1
_,12,13,1,1,1,0,1
_,6,5,-1,-1,1,0,1
_,8,10,2,1,1,0,1
_,5,4,1,1,-1,0,1
_,7,6,-1,-1,1,0,1
_,2,29,27,1,1,0,1
_,2,5,3,1,1,0,1
_,5,7,2,1,1,0,1
_,2,3,1,1,1,0,1
_,2,9,7,1,1,0,1
_,4,2,-2,-1,1,0,1
_,7,3,4,1,-1,0,1
_,3,3,0,0,1,0,1
_,2,31,29,1,1,0,1
_,2,4,2,1,1,0,1
_,7,9,2,1,1,0,1
_,6,50,44,1,1,0,1
_,4,9,5,1,1,0,1
_,2,2,0,0,1,0,1
_,3,5,2,1,1,-1,1
_,1,13,12,1,1,0,1
_,2,4,2,1,1,0,1
_,2,7,5,1,1,0,1
_,2,3,1,1,1,0,1
_,7,2,5,1,-1,0,1
_,8,5,3,1,-1,0,1
_,3,9,-6,-1,-1,0,1
_,8,3,5,1,-1,0,1
_,17,9,8,1,-1,0,1
_,2,6,4,1,1,0,1
_,27,2,25,1,-1,0,1
_,6,9,3,1,1,0,1
_,11,3,8,1,-1,0,1
_,3,69,66,1,1,0,1
_,5,4,-1,-1,1,0,1
_,11,2,9,1,-1,-1,1
_,2,27,25,1,1,0,1
_,5,13,8,1,1,0,1
_,6,9,3,1,1,0,1
_,4,17,13,1,1,0,1
_,2,3,-1,-1,-1,0,1
_,3,6,3,1,1,0,1
_,2,12,10,1,1,0,1
_,3,30,27,1,1,0,1
_,2,25,23,1,1,0,1
_,17,3,-14,-1,1,0,1
_,9,5,-4,-1,1,-1,1
_,10,8,-2,-1,1,0,1
_,6,4,-2,-1,1,0,1
_,7,2,-5,-1,1,0,1
_,3,3,0,0,1,0,1
_,2,6,4,1,1,0,1
_,5,3,-2,-1,1,0,1
_,5,7,2,1,1,0,1
_,3,2,-1,-1,1,0,1
_,8,3,-5,-1,1,0,1
_,3,5,2,1,1,1,1
_,8,20,12,1,1,0,1
_,6,3,-3,-1,1,0,1
_,5,2,3,1,-1,0,1
_,7,3,4,1,-1,0,1
_,9,4,5,1,-1,0,1
_,2,11,9,1,1,0,1
_,4,7,3,1,1,0,1
_,18,2,16,1,-1,0,1
_,58,3,55,1,-1,0,1
_,8,4,-4,-1,1,0,1
_,17,7,10,1,-1,0,1
_,5,7,2,1,1,0,1
_,3,3,0,0,1,0,1
_,6,7,-1,-1,-1,0,1
_,20,12,8,1,-1,0,1
_,7,5,2,1,-1,0,1
_,3,3,0,0,1,0,1
_,11,3,8,1,-1,0,1
_,3,23,20,1,1,0,1
_,10,6,4,1,-1,0,1
_,5,4,1,1,-1,0,1
_,6,5,-1,-1,1,0,1
_,20,3,17,1,-1,0,1
_,14,12,2,1,-1,-1,1
_,6,6,0,0,-1,0,1
_,9,5,4,1,-1,0,1
_,2,5,3,1,1,0,1
_,5,6,-1,-1,-1,0,1
_,6,3,3,1,-1,0,1
_,19,3,16,1,-1,0,1
_,2,3,1,1,1,0,1
_,3,15,12,1,1,0,1
_,8,3,5,1,-1,0,1
_,17,3,14,1,-1,0,1
_,13,16,3,1,1,0,1
_,25,2,23,1,-1,0,1
_,3,8,5,1,1,0,1
_,1,5,4,1,1,0,1
_,7,10,3,1,1,0,1
_,12,4,8,1,-1,0,1
_,8,6,-2,-1,1,0,1
_,2,2,0,0,1,0,1
_,7,5,-2,-1,1,0,1
_,2,6,4,1,1,0,1
_,3,3,0,0,1,0,1
_,3,17,14,1,1,0,1
_,2,8,6,1,1,0,1
_,18,6,12,1,-1,0,1
_,48,6,42,1,-1,0,1
_,2,11,9,1,1,0,1
_,4,6,2,1,1,0,1
_,6,8,-2,-1,-1,0,1
_,3,12,9,1,1,0,1
_,3,10,7,1,1,0,1
_,2,9,7,1,1,0,1
_,2,6,4,1,1,0,1
_,2,7,5,1,1,0,1
_,3,3,0,0,1,0,1
_,4,5,1,1,1,0,1
_,3,34,31,1,1,0,1
_,18,3,15,1,-1,0,1
_,3,7,4,1,1,0,1
haranguer,2,17,15,1,1,0,1
_,9,10,1,1,1,0,1
_,12,3,9,1,-1,0,1
_,2,8,6,1,1,0,1
_,7,6,-1,-1,1,0,1
_,2,30,28,1,1,0,1
_,3,5,2,1,1,0,1
_,5,18,13,1,1,0,1
_,5,25,20,1,1,1,1
_,2,14,12,1,1,0,1
_,2,27,25,1,1,0,1
_,6,13,7,1,1,0,1
_,8,11,3,1,1,0,1
_,21,5,16,1,-1,0,1
_,5,9,4,1,1,-1,1
_,5,2,3,1,-1,0,1
_,2,13,11,1,1,0,1
_,2,5,3,1,1,0,1
_,2,7,5,1,1,0,1
_,4,3,1,1,-1,0,1
_,3,6,3,1,1,0,1
_,5,5,0,0,1,0,1
_,2,2,0,0,1,0,1
_,2,10,8,1,1,0,1
_,2,14,12,1,1,0,1
_,17,7,10,1,-1,0,1
_,8,3,-5,-1,1,0,1
_,3,6,3,1,1,0,1
_,2,4,2,1,1,0,1
_,9,8,1,1,-1,0,1
_,2,5,3,1,1,0,1
_,11,2,9,1,-1,0,1
_,2,10,-8,-1,-1,0,1
_,3,6,3,1,1,0,1
_,4,6,2,1,1,0,1
_,1,13,12,1,1,0,1
_,4,4,0,0,1,0,1
_,1,5,4,1,1,0,1
_,3,6,3,1,1,0,1
_,1,2,1,1,1,0,1
_,8,6,-2,-1,1,0,1
_,1,10,-9,-1,-1,0,1
_,1,2,1,1,1,0,1
_,3,3,0,0,1,0,1
_,2,6,4,1,1,0,1
_,5,4,-1,-1,1,0,1
_,2,3,1,1,1,0,1
_,2,3,1,1,1,0,1
_,6,3,-3,-1,1,0,1
_,10,11,-1,-1,-1,0,1
_,3,3,0,0,1,0,1
_,13,3,10,1,-1,0,1
_,3,3,0,0,1,0,1
_,2,4,2,1,1,0,1
_,4,10,6,1,1,0,1
_,2,26,24,1,1,0,1
_,2,9,7,1,1,0,1
avoir,7,3,-4,-1,1,0,1
_,3,3,0,0,1,0,1
_,15,4,11,1,-1,0,1
_,3,4,1,1,1,0,1
_,9,3,6,1,-1,0,1
_,17,3,14,1,-1,0,1
_,2,4,2,1,1,0,1
_,2,6,4,1,1,0,1
_,6,3,-3,-1,1,0,1
_,3,2,1,1,-1,0,1
_,5,3,2,1,-1,0,1
_,1,18,17,1,1,0,1
_,2,4,2,1,1,-1,1
_,7,14,7,1,1,0,1
_,7,11,4,1,1,0,1
_,1,7,6,1,1,0,1
_,13,2,11,1,-1,0,1
_,11,12,1,1,1,0,1
_,6,6,0,0,1,0,1
_,2,7,5,1,1,0,1
_,4,2,-2,-1,1,0,1
_,14,3,11,1,-1,0,1
_,16,6,10,1,-1,0,1
_,2,4,2,1,1,0,1
_,8,6,-2,-1,1,0,1
_,4,8,-4,-1,-1,0,1
_,5,4,1,1,-1,0,1
_,2,6,4,1,1,0,1
_,4,3,1,1,-1,0,1
_,4,2,-2,-1,1,0,1
_,3,4,1,1,1,0,1
_,4,4,0,0,1,0,1
_,10,3,7,1,-1,0,1
_,8,5,-3,-1,1,0,1
_,10,3,7,1,-1,0,1
_,1,6,5,1,1,0,1
_,2,2,0,0,1,0,1
_,2,13,11,1,1,0,1
_,3,5,2,1,1,0,1
_,12,5,7,1,-1,0,1
_,5,4,-1,-1,1,0,1
_,13,17,4,1,1,0,1
_,2,3,1,1,1,0,1
_,4,4,0,0,1,0,1
_,60,2,58,1,-1,0,1
_,2,2,0,0,1,0,1
_,4,3,1,1,-1,0,1
_,2,2,0,0,1,0,1
_,6,7,1,1,1,0,1
_,3,3,0,0,1,0,1
_,7,18,11,1,1,0,1
_,3,6,3,1,1,0,1
_,3,2,-1,-1,1,0,1
_,2,2,0,0,1,0,1
_,4,3,-1,-1,1,0,1
_,2,9,7,1,1,0,1
_,4,5,-1,-1,-1,0,1
_,2,13,11,1,1,0,1
_,2,5,3,1,1,0,1
_,5,6,1,1,1,0,1
_,13,2,11,1,-1,0,1
_,4,3,1,1,-1,0,1
_,7,20,13,1,1,0,1
_,7,5,-2,-1,1,0,1
_,3,3,0,0,-1,0,1
_,3,11,8,1,1,0,1
_,10,4,6,1,-1,0,1
_,14,4,10,1,-1,0,1
_,23,4,-19,-1,1,0,1
_,4,3,-1,-1,1,0,1
_,3,3,0,0,1,0,1
_,4,2,-2,-1,1,0,1
_,4,3,-1,-1,1,0,1
_,5,6,1,1,1,0,1
_,6,6,0,0,-1,0,1
_,2,6,4,1,1,0,1
_,6,3,-3,-1,1,0,1
_,8,5,-3,-1,1,0,1
_,7,7,0,0,1,0,1
_,6,14,8,1,1,0,1
_,6,4,-2,-1,1,0,1
_,2,2,0,0,1,0,1
_,9,21,12,1,1,0,1
_,2,2,0,0,1,0,1
_,2,4,2,1,1,0,1
_,4,4,0,0,1,0,1
_,11,7,-4,-1,1,0,1
_,2,13,11,1,1,0,1
_,8,4,-4,-1,1,0,1
_,20,12,-8,-1,1,0,1
_,1,19,18,1,1,0,1
_,8,3,5,1,-1,0,1
_,3,3,0,0,1,0,1
_,2,5,3,1,1,0,1
_,11,4,-7,-1,1,0,1
_,6,4,2,1,-1,0,1
_,6,5,1,1,-1,0,1
_,14,21,-7,-1,-1,0,1
_,4,3,-1,-1,1,0,1
_,2,18,16,1,1,0,1
_,2,11,9,1,1,0,1
_,2,4,2,1,1,0,1
_,3,5,2,1,1,0,1
_,30,7,-23,-1,1,0,1
_,3,6,3,1,1,0,1
_,2,4,2,1,1,0,1
_,2,28,26,1,1,0,1
_,15,3,12,1,-1,0,1
_,2,3,1,1,1,0,1
_,13,2,11,1,-1,0,1
_,2,5,-3,-1,-1,0,1
_,3,4,1,1,1,0,1
_,3,6,3,1,1,0,1
_,1,3,2,1,1,0,1
_,7,3,4,1,-1,0,1
_,3,11,8,1,1,0,1
_,3,3,0,0,-1,0,1
_,4,4,0,0,1,0,1
_,16,2,14,1,-1,0,1
_,4,3,-1,-1,1,0,1
_,7,2,5,1,-1,0,1
_,8,4,4,1,-1,-1,1
_,3,4,1,1,1,0,1
_,12,36,24,1,1,0,1
_,3,20,17,1,1,0,1
_,1,13,12,1,1,0,1
_,5,8,3,1,1,0,1
_,5,4,-1,-1,1,0,1
_,2,6,4,1,1,1,1
_,2,3,-1,-1,-1,0,1
_,2,16,14,1,1,0,1
_,7,3,4,1,-1,0,1
_,2,3,1,1,1,0,1
_,7,3,4,1,-1,0,1
_,3,2,-1,-1,1,0,1
_,4,4,0,0,1,0,1
_,4,4,0,0,1,0,1
_,9,6,-3,-1,1,0,1
_,3,3,0,0,1,0,1
_,3,2,-1,-1,1,0,1
_,6,8,2,1,1,0,1
_,5,3,2,1,-1,0,1
_,23,3,20,1,-1,0,1
_,5,2,3,1,-1,0,1
_,2,52,50,1,1,0,1
_,9,12,3,1,1,0,1
_,7,7,0,0,1,0,1
_,2,3,1,1,1,0,1
_,6,5,-1,-1,1,0,1
_,5,12,7,1,1,0,1
_,4,10,6,1,1,0,1
_,29,9,20,1,-1,0,1
_,2,5,3,1,1,0,1
_,6,13,7,1,1,0,1
_,2,2,0,0,1,0,1
_,8,10,2,1,1,0,1
_,16,6,-10,-1,1,0,1
_,3,27,24,1,1,0,1
_,2,4,2,1,1,0,1
_,3,5,2,1,1,0,1
_,20,8,12,1,-1,0,1
_,2,13,11,1,1,0,1
_,8,3,5,1,-1,0,1
_,7,24,17,1,1,0,1
_,1,4,3,1,1,0,1
_,5,14,9,1,1,-1,1
_,1,9,8,1,1,0,1
_,18,9,-9,-1,1,0,1
_,5,4,1,1,-1,0,1
_,4,11,7,1,1,0,1
_,5,12,7,1,1,0,1
_,3,6,3,1,1,0,1
_,11,6,5,1,-1,0,1
_,2,3,1,1,1,0,1
_,2,3,1,1,1,0,1
_,6,3,-3,-1,1,0,1
_,2,9,7,1,1,0,1
_,3,4,1,1,1,0,1
_,2,21,19,1,1,0,1
_,2,4,2,1,1,0,1
_,17,7,10,1,-1,0,1
_,13,6,-7,-1,1,0,1
_,2,6,4,1,1,0,1
_,7,5,-2,-1,1,0,1
_,7,3,-4,-1,1,0,1
_,2,2,0,0,1,0,1
_,7,6,-1,-1,1,0,1
_,2,2,0,0,1,0,1
_,7,4,-3,-1,1,0,1
_,11,4,7,1,-1,0,1
_,10,5,-5,-1,1,0,1
_,4,4,0,0,1,0,1
_,2,3,1,1,1,0,1
_,4,27,23,1,1,0,1
_,4,9,5,1,1,0,1
_,11,3,-8,-1,1,0,1
_,5,7,2,1,1,0,1
_,5,5,0,0,1,0,1
_,8,18,10,1,1,0,1
_,3,8,5,1,1,0,1
_,8,2,6,1,-1,0,1
_,2,5,3,1,1,0,1
_,31,12,-19,-1,1,0,1
_,2,14,12,1,1,0,1
_,1,9,8,1,1,0,1
_,18,5,13,1,-1,0,1
_,8,4,4,1,-1,0,1
_,15,6,9,1,-1,0,1
_,6,5,-1,-1,1,0,1
_,2,3,1,1,1,0,1
_,7,28,21,1,1,0,1
_,3,5,2,1,1,0,1
_,2,5,3,1,1,0,1
_,2,36,34,1,1,0,1
_,5,5,0,0,-1,0,1
_,13,8,-5,-1,1,0,1
_,4,6,2,1,1,0,1
_,9,9,0,0,1,0,1
_,7,8,1,1,1,0,1
_,11,16,5,1,1,0,1
_,3,8,5,1,1,1,1
_,2,9,7,1,1,0,1
_,20,3,17,1,-1,0,1
_,5,13,8,1,1,0,1
_,5,4,1,1,-1,0,1
_,8,4,4,1,-1,0,1
_,12,3,9,1,-1,0,1
_,2,31,29,1,1,0,1
_,8,5,3,1,-1,0,1
_,2,3,1,1,1,0,1
_,4,3,1,1,-1,0,1
_,7,27,20,1,1,0,1
_,2,7,5,1,1,0,1
_,15,9,-6,-1,1,0,1
_,7,12,5,1,1,0,1
_,6,3,3,1,-1,0,1
_,5,15,-10,-1,-1,0,1
_,19,20,1,1,1,0,1
_,2,13,11,1,1,0,1
_,17,5,12,1,-1,0,1
_,7,21,14,1,1,0,1
_,2,5,3,1,1,0,1
_,5,3,-2,-1,1,0,1
_,1,6,5,1,1,1,1
_,11,4,7,1,-1,0,1
_,6,4,-2,-1,1,0,1
_,2,3,1,1,1,0,1
_,3,6,3,1,1,0,1
_,4,12,8,1,1,0,1
_,11,13,2,1,1,0,1
_,2,3,1,1,1,0,1
_,3,5,2,1,1,0,1
_,3,16,13,1,1,0,1
_,5,5,0,0,1,0,1
_,3,3,0,0,1,0,1
_,2,6,4,1,1,0,1
_,2,6,4,1,1,0,1
_,12,5,7,1,-1,0,1
_,2,21,19,1,1,0,1
_,2,8,6,1,1,0,1
_,12,2,10,1,-1,0,1
_,6,2,4,1,-1,0,1
_,2,2,0,0,1,0,1
_,46,3,43,1,-1,0,1
_,4,5,1,1,1,0,1
_,13,8,-5,-1,1,0,1
_,4,5,-1,-1,-1,0,1
_,6,6,0,0,-1,0,1
_,2,2,0,0,1,0,1
_,2,3,1,1,1,0,1
_,9,2,7,1,-1,0,1
_,3,16,13,1,1,0,1
_,24,11,-13,-1,1,0,1
_,6,3,-3,-1,1,0,1
_,5,7,2,1,1,0,1
_,5,5,0,0,-1,0,1
_,4,8,4,1,1,0,1
_,37,4,33,1,-1,0,1
_,1,6,5,1,1,0,1
_,1,3,2,1,1,0,1
_,3,5,2,1,1,0,1
_,2,5,3,1,1,0,1
_,2,5,3,1,1,0,1
_,2,8,6,1,1,0,1
_,21,6,15,1,-1,0,1
_,2,18,16,1,1,0,1
_,2,8,6,1,1,0,1
_,2,3,1,1,1,0,1
_,12,16,4,1,1,1,1
_,17,3,-14,-1,1,0,1
_,2,4,2,1,1,0,1
_,4,42,38,1,1,0,1
_,5,17,12,1,1,0,1
_,2,10,8,1,1,0,1
_,10,5,-5,-1,1,0,1
_,10,19,9,1,1,0,1
_,2,5,3,1,1,0,1
_,4,5,1,1,1,0,1
_,11,3,-8,-1,1,0,1
_,22,3,19,1,-1,0,1
_,15,15,0,0,1,0,1
_,8,6,2,1,-1,0,1
_,14,6,8,1,-1,0,1
_,2,6,4,1,1,0,1
_,4,3,1,1,-1,0,1
_,4,6,2,1,1,0,1
_,8,5,-3,-1,1,0,1
_,6,9,3,1,1,0,1
_,2,9,7,1,1,-1,1
_,2,3,1,1,1,0,1
_,5,2,3,1,-1,0,1
_,2,17,15,1,1,0,1
_,2,3,1,1,1,0,1
_,2,2,0,0,1,0,1
_,3,12,9,1,1,0,1
_,4,2,2,1,-1,0,1
_,2,5,3,1,1,0,1
_,4,3,-1,-1,1,0,1
_,4,28,24,1,1,0,1
_,2,3,1,1,1,0,1
_,2,13,11,1,1,0,1
_,2,4,2,1,1,0,1
_,3,4,-1,-1,-1,0,1
_,3,9,6,1,1,0,1
_,6,3,-3,-1,1,0,1
_,2,5,3,1,1,0,1
_,6,11,5,1,1,0,1
_,2,6,4,1,1,0,1
_,2,6,4,1,1,0,1
_,3,3,0,0,1,0,1
_,1,8,-7,-1,-1,0,1
_,4,6,2,1,1,0,1
_,2,7,5,1,1,0,1
_,4,16,12,1,1,0,1
_,2,5,3,1,1,0,1
_,2,13,11,1,1,0,1
_,3,7,4,1,1,0,1
_,3,7,4,1,1,0,1
_,5,6,1,1,1,0,1
_,9,6,-3,-1,1,1,1
_,8,6,2,1,-1,0,1
_,2,9,7,1,1,0,1
_,5,25,20,1,1,0,1
_,4,6,2,1,1,0,1
_,3,4,1,1,1,0,1
_,3,3,0,0,1,0,1
_,2,3,1,1,1,0,1
_,6,4,-2,-1,1,0,1
_,2,6,4,1,1,0,1
_,2,4,2,1,1,0,1
_,15,15,0,0,1,0,1
_,2,15,13,1,1,0,1
_,2,4,2,1,1,0,1
_,5,10,5,1,1,0,1
_,3,5,2,1,1,0,1
_,4,20,16,1,1,0,1
_,4,5,1,1,1,0,1
_,3,8,5,1,1,0,1
_,5,8,3,1,1,0,1
_,13,17,4,1,1,0,1
_,4,29,25,1,1,0,1
_,2,6,4,1,1,0,1
_,15,3,12,1,-1,0,1
_,10,3,-7,-1,1,0,1
_,4,5,1,1,1,0,1
_,6,3,-3,-1,1,0,1
_,3,7,4,1,1,0,1
_,4,6,2,1,1,0,1
_,4,8,4,1,1,0,1
_,2,4,2,1,1,0,1
_,2,4,2,1,1,0,1
_,3,5,2,1,1,0,1
_,6,4,-2,-1,1,0,1
_,2,11,9,1,1,0,1
_,2,3,1,1,1,0,1
_,4,4,0,0,1,0,1
_,2,12,10,1,1,0,1
_,2,5,3,1,1,0,1
_,8,4,-4,-1,1,0,1
_,2,19,17,1,1,0,1
_,2,9,7,1,1,0,1
_,7,2,-5,-1,1,0,1
_,3,3,0,0,1,0,1
_,2,6,4,1,1,0,1
_,9,15,6,1,1,0,1
_,10,16,6,1,1,0,1
_,14,5,-9,-1,1,0,1
_,2,3,1,1,1,0,1
_,2,5,3,1,1,0,1
_,2,2,0,0,1,0,1
_,8,13,-5,-1,-1,0,1
_,5,6,1,1,1,0,1
_,2,5,3,1,1,0,1
_,9,2,-7,-1,1,0,1
_,5,5,0,0,1,0,1
_,2,3,-1,-1,-1,0,1
_,9,2,-7,-1,1,0,1
_,8,8,0,0,1,0,1
_,11,5,6,1,-1,0,1
_,2,3,1,1,1,0,1
_,1,3,2,1,1,1,1
_,3,16,13,1,1,0,1
_,2,4,2,1,1,0,1
_,4,9,5,1,1,0,1
_,2,20,18,1,1,0,1
_,14,4,10,1,-1,0,1
_,2,8,6,1,1,0,1
_,1,4,3,1,1,0,1
_,2,2,0,0,-1,0,1
_,2,3,1,1,1,0,1
_,1,6,5,1,1,0,1
_,3,3,0,0,-1,0,1
_,2,3,1,1,1,0,1
_,10,5,5,1,-1,0,1
_,5,3,-2,-1,1,0,1
_,7,6,-1,-1,1,0,1
_,3,11,8,1,1,0,1
_,5,3,-2,-1,1,0,1
_,2,8,6,1,1,0,1
_,5,11,6,1,1,0,1
_,20,29,9,1,1,0,1
_,7,14,7,1,1,0,1
_,2,3,-1,-1,-1,0,1
_,2,4,2,1,1,-1,1
_,7,5,2,1,-1,0,1
_,4,10,6,1,1,0,1
_,2,4,2,1,1,0,1
_,2,6,4,1,1,0,1
_,4,7,3,1,1,0,1
_,2,8,-6,-1,-1,0,1
_,7,8,1,1,1,0,1
_,2,8,6,1,1,0,1
_,2,6,4,1,1,0,1
_,4,2,-2,-1,1,0,1
_,2,5,3,1,1,0,1
_,6,7,1,1,1,0,1
_,2,5,3,1,1,0,1
_,3,5,2,1,1,0,1
_,6,4,-2,-1,1,0,1
_,3,10,7,1,1,0,1
_,8,2,6,1,-1,0,1
_,5,7,2,1,1,0,1
_,3,5,2,1,1,0,1
_,14,2,12,1,-1,0,1
_,5,24,19,1,1,0,1
_,3,4,1,1,1,0,1
_,3,8,-5,-1,-1,0,1
_,5,10,5,1,1,0,1
_,3,6,-3,-1,-1,0,1
_,2,10,8,1,1,0,1
_,1,5,4,1,1,0,1
_,2,13,11,1,1,0,1
_,2,5,3,1,1,0,1
_,6,9,3,1,1,0,1
_,10,3,-7,-1,1,1,1
_,7,5,-2,-1,1,0,1
_,2,15,13,1,1,0,1
_,2,9,7,1,1,0,1
_,9,3,-6,-1,1,0,1
_,2,3,1,1,1,0,1
_,5,6,1,1,1,0,1
_,6,7,-1,-1,-1,0,1
_,6,6,0,0,1,0,1
_,6,8,2,1,1,0,1
_,3,5,2,1,1,0,1
_,4,15,11,1,1,0,1
_,27,3,24,1,-1,0,1
_,2,6,4,1,1,0,1
_,5,12,-7,-1,-1,0,1
_,2,17,15,1,1,0,1
_,3,3,0,0,1,0,1
_,12,7,-5,-1,1,0,1
_,4,6,2,1,1,0,1
_,15,3,12,1,-1,0,1
_,4,3,-1,-1,1,0,1
_,2,14,12,1,1,0,1
_,1,7,6,1,1,0,1
_,1,4,3,1,1,0,1
_,3,3,0,0,-1,0,1
_,4,3,-1,-1,1,0,1
_,1,21,20,1,1,0,1
noter,28,4,24,1,-1,0,1
_,12,2,10,1,-1,0,1
_,5,2,-3,-1,1,0,1
_,12,6,6,1,-1,0,1
_,3,8,5,1,1,0,1
_,2,3,1,1,1,0,1
_,3,4,1,1,1,0,1
_,7,4,-3,-1,1,0,1
_,4,5,1,1,1,0,1
_,3,10,7,1,1,0,1
_,4,2,-2,-1,1,0,1
_,3,3,0,0,1,0,1
_,2,3,1,1,1,0,1
_,7,6,-1,-1,1,0,1
_,17,5,12,1,-1,0,1
_,2,3,1,1,1,0,1
_,2,6,4,1,1,0,1
_,7,2,-5,-1,1,0,1
_,1,8,7,1,1,0,1
_,4,5,1,1,1,0,1
_,2,3,1,1,1,0,1
_,6,5,-1,-1,1,0,1
_,7,11,4,1,1,0,1
_,6,4,-2,-1,1,0,1
_,2,4,2,1,1,0,1
_,2,8,6,1,1,0,1
_,7,4,-3,-1,1,0,1
_,5,5,0,0,-1,0,1
_,2,6,4,1,1,0,1
_,25,3,22,1,-1,0,1
_,5,2,-3,-1,1,0,1
_,4,4,0,0,1,0,1
_,4,7,3,1,1,0,1
_,5,5,0,0,1,0,1
_,2,4,2,1,1,0,1
_,2,4,2,1,1,0,1
_,4,3,-1,-1,1,0,1
_,2,3,1,1,1,0,1
_,3,3,0,0,1,0,1
_,3,3,0,0,-1,0,1
_,2,4,2,1,1,0,1
_,11,9,-2,-1,1,0,1
_,2,6,4,1,1,0,1
_,12,13,1,1,1,0,1
_,2,3,-1,-1,-1,0,1
_,2,6,4,1,1,0,1
_,13,6,7,1,-1,0,1
_,2,3,1,1,1,0,1
_,3,4,1,1,1,0,1
_,2,6,4,1,1,0,1
_,4,10,6,1,1,-1,1
_,3,20,17,1,1,0,1
_,19,8,11,1,-1,0,1
_,23,3,20,1,-1,0,1
_,7,5,-2,-1,1,0,1
_,3,3,0,0,1,0,1
_,3,6,3,1,1,0,1
_,7,3,-4,-1,1,0,1
_,6,12,6,1,1,0,1
_,12,4,-8,-1,1,0,1
_,6,4,2,1,-1,0,1
_,2,5,-3,-1,-1,0,1
_,2,2,0,0,1,0,1
_,3,3,0,0,1,0,1
_,11,5,-6,-1,1,0,1
_,2,4,2,1,1,0,1
_,4,3,-1,-1,1,0,1
_,2,5,3,1,1,0,1
_,2,3,1,1,1,0,1
_,2,3,1,1,1,0,1
_,3,6,3,1,1,0,1
_,5,3,-2,-1,1,0,1
_,6,2,4,1,-1,0,1
_,3,6,3,1,1,0,1
_,26,7,19,1,-1,0,1
_,16,6,10,1,-1,0,1
_,46,6,40,1,-1,0,1
_,3,2,-1,-1,1,0,1
_,4,3,1,1,-1,0,1
_,8,4,-4,-1,1,0,1
_,2,7,5,1,1,0,1
_,7,25,18,1,1,0,1
_,6,2,-4,-1,1,0,1
_,2,36,34,1,1,0,1
_,2,8,6,1,1,0,1
_,20,8,12,1,-1,0,1
_,1,9,8,1,1,0,1
_,4,9,5,1,1,0,1
_,2,4,2,1,1,0,1
_,7,4,-3,-1,1,0,1
_,4,4,0,0,1,0,1
_,5,6,1,1,1,0,1
_,4,7,3,1,1,0,1
_,5,11,6,1,1,0,1
_,5,3,-2,-1,1,0,1
_,2,3,1,1,1,0,1
_,5,8,3,1,1,0,1
_,3,3,0,0,1,0,1
_,3,5,2,1,1,0,1
_,5,6,1,1,1,0,1
_,5,4,-1,-1,1,0,1
_,10,3,7,1,-1,1,1
_,5,3,-2,-1,1,0,1
_,47,3,44,1,-1,0,1
_,3,22,19,1,1,0,1
_,8,14,6,1,1,0,1
_,2,4,2,1,1,0,1
_,4,6,2,1,1,0,1
_,2,7,5,1,1,0,1
_,4,2,-2,-1,1,0,1
_,3,2,1,1,-1,0,1
_,35,4,31,1,-1,0,1
_,6,29,-23,-1,-1,0,1
_,3,5,2,1,1,0,1
_,2,2,0,0,1,0,1
_,8,9,1,1,1,0,1
_,5,16,11,1,1,0,1
_,20,11,-9,-1,1,0,1
_,2,7,5,1,1,0,1
_,33,18,-15,-1,1,0,1
_,5,19,14,1,1,0,1
_,3,5,2,1,1,0,1
_,8,3,5,1,-1,0,1
_,2,3,1,1,1,0,1
_,3,3,0,0,1,0,1
_,2,5,-3,-1,-1,0,1
_,11,5,6,1,-1,-1,1
_,3,6,3,1,1,0,1
_,9,11,2,1,1,0,1
_,5,4,-1,-1,1,0,1
_,5,2,-3,-1,1,0,1
_,4,3,-1,-1,1,0,1
_,2,2,0,0,1,0,1
_,3,5,2,1,1,0,1
_,3,4,-1,-1,-1,1,1
_,2,12,10,1,1,0,1
_,2,4,-2,-1,-1,0,1
_,7,3,4,1,-1,0,1
_,2,4,2,1,1,0,1
_,10,13,3,1,1,0,1
_,5,12,7,1,1,0,1
_,11,6,5,1,-1,0,1
_,4,3,-1,-1,1,0,1
_,2,5,3,1,1,0,1
_,3,7,4,1,1,0,1
_,2,7,5,1,1,0,1
_,14,18,4,1,1,0,1
_,4,3,-1,-1,1,0,1
_,10,5,-5,-1,1,0,1
_,4,3,-1,-1,1,-1,1
_,2,29,27,1,1,0,1
_,11,3,8,1,-1,0,1
_,9,6,-3,-1,1,0,1
_,7,7,0,0,1,0,1
_,6,7,-1,-1,-1,0,1
_,5,3,2,1,-1,0,1
_,3,12,9,1,1,0,1
_,4,4,0,0,-1,0,1
_,3,4,1,1,1,0,1
_,4,9,-5,-1,-1,0,1
_,3,3,0,0,1,0,1
_,2,5,3,1,1,0,1
_,4,3,-1,-1,1,0,1
_,7,4,-3,-1,1,0,1
_,2,2,0,0,1,-1,1
_,5,3,2,1,-1,0,1
_,13,4,9,1,-1,0,1
_,3,13,10,1,1,0,1
_,27,10,17,1,-1,1,1
_,14,3,11,1,-1,0,1
_,8,41,33,1,1,0,1
_,3,3,0,0,1,0,1
_,3,14,11,1,1,0,1
_,6,3,3,1,-1,0,1
_,2,5,3,1,1,0,1
_,3,6,-3,-1,-1,0,1
_,2,4,2,1,1,0,1
_,3,3,0,0,1,0,1
_,2,2,0,0,-1,0,1
_,3,5,2,1,1,0,1
_,2,6,4,1,1,0,1
_,12,7,5,1,-1,0,1
_,2,4,2,1,1,0,1
_,1,6,5,1,1,0,1
_,11,4,-7,-1,1,0,1
_,7,14,7,1,1,0,1
donner,2,3,1,1,1,0,1
_,4,3,1,1,-1,0,1
_,29,4,25,1,-1,0,1
_,11,9,2,1,-1,0,1
_,2,7,5,1,1,0,1
_,4,5,-1,-1,-1,0,1
_,1,15,14,1,1,0,1
_,2,8,6,1,1,0,1
_,2,30,28,1,1,0,1
_,3,3,0,0,1,0,1
_,2,25,23,1,1,0,1
_,3,29,26,1,1,0,1
_,2,6,4,1,1,0,1
_,5,10,5,1,1,0,1
_,6,28,22,1,1,0,1
_,19,2,17,1,-1,0,1
_,4,3,1,1,-1,0,1
_,18,11,7,1,-1,0,1
_,9,4,-5,-1,1,0,1
_,4,3,1,1,-1,0,1
_,33,5,28,1,-1,0,1
_,13,16,3,1,1,0,1
_,8,7,-1,-1,1,0,1
_,7,11,4,1,1,0,1
_,1,3,2,1,1,1,1
_,2,5,3,1,1,0,1
_,2,3,1,1,1,0,1
_,23,3,20,1,-1,0,1
_,4,4,0,0,1,0,1
_,4,3,-1,-1,1,0,1
_,2,4,2,1,1,0,1
_,9,3,6,1,-1,0,1
_,3,4,-1,-1,-1,0,1
_,2,3,1,1,1,0,1
_,3,3,0,0,1,0,1
_,3,5,2,1,1,0,1
_,3,5,2,1,1,0,1
_,5,4,-1,-1,1,0,1
_,15,7,8,1,-1,0,1
_,2,8,6,1,1,0,1
_,4,2,2,1,-1,0,1
_,8,8,0,0,1,0,1
_,3,6,3,1,1,0,1
_,4,3,1,1,-1,0,1
_,5,13,8,1,1,0,1
_,2,5,3,1,1,0,1
_,5,15,10,1,1,0,1
_,7,8,1,1,1,0,1
_,6,5,-1,-1,1,0,1
_,2,3,1,1,1,0,1
_,2,3,1,1,1,0,1
_,15,3,12,1,-1,0,1
_,4,4,0,0,1,0,1
_,3,6,3,1,1,0,1
_,2,4,2,1,1,0,1
_,5,2,3,1,-1,0,1
_,7,7,0,0,1,0,1
_,2,5,3,1,1,0,1
_,2,3,1,1,1,0,1
_,7,4,-3,-1,1,0,1
_,4,3,-1,-1,1,0,1
_,6,4,2,1,-1,0,1
_,6,3,-3,-1,1,0,1
_,3,14,11,1,1,0,1
_,4,6,2,1,1,0,1
_,9,6,-3,-1,1,0,1
_,5,8,3,1,1,0,1
_,2,6,4,1,1,0,1
_,2,5,3,1,1,0,1
_,8,4,-4,-1,1,0,1
_,2,2,0,0,1,0,1
_,2,8,6,1,1,0,1
_,3,5,2,1,1,0,1
_,10,7,-3,-1,1,0,1
_,20,18,-2,-1,1,0,1
_,6,4,-2,-1,1,0,1
_,16,10,-6,-1,1,0,1
_,2,14,12,1,1,0,1
_,21,5,16,1,-1,0,1
_,2,3,1,1,1,0,1
_,2,2,0,0,1,0,1
_,2,7,5,1,1,0,1
_,4,11,7,1,1,0,1
_,6,3,3,1,-1,0,1
_,3,17,14,1,1,0,1
_,6,3,3,1,-1,0,1
_,10,5,-5,-1,1,0,1
_,8,6,-2,-1,1,0,1
_,16,6,10,1,-1,0,1
_,3,26,23,1,1,0,1
_,2,6,4,1,1,0,1
_,3,3,0,0,1,0,1
_,59,3,56,1,-1,0,1
_,3,3,0,0,-1,0,1
_,19,9,10,1,-1,-1,1
_,2,3,1,1,1,0,1
_,10,3,7,1,-1,0,1
_,2,6,4,1,1,0,1
_,10,10,0,0,1,0,1
_,2,3,1,1,1,0,1
_,1,7,6,1,1,1,1
_,3,4,1,1,1,0,1
_,3,5,2,1,1,0,1
_,6,4,2,1,-1,0,1
_,4,23,19,1,1,0,1
_,4,3,-1,-1,1,0,1
_,1,3,2,1,1,0,1
_,6,4,-2,-1,1,0,1
_,2,4,2,1,1,0,1
_,4,6,-2,-1,-1,0,1
_,2,4,2,1,1,0,1
_,6,4,-2,-1,1,0,1
_,4,7,3,1,1,0,1
_,2,3,1,1,1,0,1
_,2,3,1,1,1,0,1
_,3,3,0,0,1,0,1
_,3,3,0,0,1,0,1
_,2,4,2,1,1,0,1
_,6,10,4,1,1,0,1
_,2,14,12,1,1,0,1
_,5,16,11,1,1,0,1
_,2,8,6,1,1,0,1
_,4,3,1,1,-1,0,1
_,2,11,9,1,1,0,1
_,5,9,4,1,1,0,1
_,2,2,0,0,-1,0,1
_,3,3,0,0,1,0,1
_,6,7,1,1,1,0,1
_,7,2,5,1,-1,1,1
_,3,9,-6,-1,-1,0,1
_,1,16,15,1,1,0,1
_,23,3,20,1,-1,0,1
_,7,7,0,0,1,0,1
_,2,10,8,1,1,-1,1
_,4,2,2,1,-1,0,1
_,15,4,11,1,-1,0,1
_,5,2,-3,-1,1,0,1
_,1,5,4,1,1,0,1
_,14,3,11,1,-1,0,1
_,3,6,3,1,1,0,1
_,2,3,-1,-1,-1,0,1
_,2,10,8,1,1,0,1
_,3,2,1,1,-1,0,1
_,2,4,2,1,1,0,1
_,8,3,5,1,-1,0,1
_,2,2,0,0,1,0,1
_,6,3,-3,-1,1,0,1
_,3,3,0,0,1,0,1
_,2,21,19,1,1,0,1
_,2,6,4,1,1,0,1
_,3,3,0,0,-1,0,1
_,3,3,0,0,1,0,1
_,2,2,0,0,1,0,1
_,2,3,1,1,1,0,1
_,3,3,0,0,1,0,1
_,2,7,5,1,1,0,1
_,2,2,0,0,1,0,1
_,3,5,2,1,1,0,1
_,3,6,3,1,1,0,1
_,2,3,1,1,1,0,1
_,5,6,-1,-1,-1,0,1
_,2,13,11,1,1,0,1
_,2,9,7,1,1,0,1
_,9,11,-2,-1,-1,0,1
_,1,4,3,1,1,0,1
donner,1,14,13,1,1,0,1
_,2,4,2,1,1,0,1
_,2,5,3,1,1,0,1
_,5,4,1,1,-1,0,1
_,3,5,2,1,1,0,1
_,1,3,2,1,1,0,1
_,4,4,0,0,1,0,1
_,3,8,5,1,1,0,1
_,4,4,0,0,1,0,1
_,4,24,20,1,1,0,1
_,2,2,0,0,1,0,1
_,2,2,0,0,1,0,1
_,3,3,0,0,1,0,1
_,2,3,-1,-1,-1,0,1
_,2,6,4,1,1,0,1
_,4,16,12,1,1,0,1
_,2,5,3,1,1,0,1
_,3,3,0,0,1,0,1
_,2,4,2,1,1,0,1
_,10,3,7,1,-1,0,1
_,5,3,2,1,-1,0,1
_,3,3,0,0,-1,0,1
_,7,4,3,1,-1,0,1
_,4,10,6,1,1,0,1
_,2,7,5,1,1,0,1
_,3,7,4,1,1,0,1
_,9,10,-1,-1,-1,0,1
_,2,2,0,0,1,0,1
_,6,10,4,1,1,0,1
_,5,19,14,1,1,0,1
_,11,5,-6,-1,1,0,1
_,48,4,44,1,-1,0,1
_,8,2,6,1,-1,0,1
_,1,3,2,1,1,0,1
_,23,3,20,1,-1,0,1
_,1,3,2,1,1,0,1
_,30,3,27,1,-1,0,1
_,2,7,5,1,1,0,1
_,23,6,17,1,-1,0,1
_,8,2,-6,-1,1,0,1
_,2,3,1,1,1,0,1
_,8,2,6,1,-1,0,1
_,4,4,0,0,1,0,1
_,10,4,-6,-1,1,0,1
_,7,9,2,1,1,0,1
_,15,3,12,1,-1,0,1
_,1,7,6,1,1,0,1
_,1,7,6,1,1,0,1
_,5,3,-2,-1,1,0,1
_,16,3,13,1,-1,0,1
_,1,17,16,1,1,0,1
_,2,3,1,1,1,0,1
_,4,30,26,1,1,0,1
_,10,5,-5,-1,1,0,1
_,8,17,9,1,1,0,1
_,2,5,3,1,1,0,1
_,2,4,2,1,1,0,1
_,2,4,2,1,1,0,1
_,6,6,0,0,1,0,1
_,23,3,20,1,-1,-1,1
_,2,56,54,1,1,0,1
_,2,13,11,1,1,0,1
_,3,5,2,1,1,0,1
_,2,9,7,1,1,0,1
_,7,13,6,1,1,0,1
_,2,2,0,0,1,0,1
_,2,25,23,1,1,0,1
_,10,6,-4,-1,1,0,1
_,1,2,1,1,1,0,1
_,2,5,3,1,1,0,1
_,2,6,4,1,1,0,1
_,3,4,1,1,1,0,1
_,14,7,7,1,-1,0,1
_,2,6,4,1,1,0,1
_,6,6,0,0,1,0,1
_,3,15,12,1,1,0,1
_,2,14,12,1,1,0,1
_,5,6,-1,-1,-1,0,1
_,10,3,7,1,-1,0,1
_,2,29,27,1,1,0,1
_,7,3,4,1,-1,0,1
_,16,7,9,1,-1,0,1
_,10,9,-1,-1,1,0,1
_,8,6,2,1,-1,0,1
_,2,2,0,0,1,0,1
_,4,19,15,1,1,0,1
_,3,13,10,1,1,0,1
_,5,2,-3,-1,1,0,1
_,1,4,3,1,1,0,1
_,35,2,33,1,-1,1,1
_,3,3,0,0,-1,0,1
_,6,9,3,1,1,0,1
_,2,5,3,1,1,0,1
_,16,4,12,1,-1,0,1
_,4,7,3,1,1,0,1
_,3,6,3,1,1,0,1
_,23,12,-11,-1,1,0,1
_,2,3,1,1,1,0,1
_,3,26,23,1,1,0,1
_,6,2,-4,-1,1,0,1
_,3,11,8,1,1,0,1
_,3,5,-2,-1,-1,0,1
_,5,9,4,1,1,0,1
_,20,15,-5,-1,1,0,1
_,6,7,1,1,1,0,1
_,2,5,3,1,1,0,1
_,2,33,31,1,1,0,1
_,2,2,0,0,1,0,1
redonner,2,4,-2,-1,-1,0,1
_,2,2,0,0,1,0,1
_,4,7,3,1,1,0,1
_,3,6,3,1,1,0,1
_,4,3,-1,-1,1,0,1
_,2,4,2,1,1,0,1
_,2,27,25,1,1,0,1
_,2,31,29,1,1,0,1
_,13,11,2,1,-1,0,1
_,2,5,3,1,1,0,1
_,4,3,-1,-1,1,0,1
_,5,2,-3,-1,1,0,1
_,3,17,14,1,1,0,1
_,2,4,2,1,1,0,1
_,13,7,-6,-1,1,0,1
_,13,3,10,1,-1,1,1
_,2,5,3,1,1,0,1
_,1,8,7,1,1,0,1
_,3,4,1,1,1,0,1
_,5,4,1,1,-1,0,1
_,2,23,21,1,1,0,1
_,3,7,4,1,1,0,1
_,1,5,4,1,1,0,1
_,17,3,14,1,-1,0,1
_,15,6,9,1,-1,0,1
_,1,22,21,1,1,0,1
_,16,5,-11,-1,1,0,1
_,7,4,-3,-1,1,0,1
_,16,5,-11,-1,1,0,1
_,7,6,-1,-1,1,0,1
_,2,5,3,1,1,0,1
_,2,5,3,1,1,0,1
_,20,5,15,1,-1,0,1
_,2,14,-12,-1,-1,0,0
_,2,5,-3,-1,-1,0,0
_,30,3,-27,-1,1,0,0
_,3,3,0,0,-1,0,0
_,6,10,-4,-1,-1,0,0
_,8,27,-19,-1,-1,0,0
_,4,3,1,1,-1,0,0
_,19,2,-17,-1,1,0,0
_,1,31,-30,-1,-1,0,0
_,11,3,-8,-1,1,0,0
placer,4,16,-12,-1,-1,0,0
_,22,2,-20,-1,1,0,0
_,4,6,2,1,1,0,0
_,8,15,-7,-1,-1,0,0
_,2,7,-5,-1,-1,0,0
_,8,13,-5,-1,-1,0,0
_,4,6,-2,-1,-1,0,0
_,2,12,-10,-1,-1,0,0
_,4,4,0,0,-1,1,0
_,5,3,-2,-1,1,0,0
_,22,7,-15,-1,1,0,0
_,3,3,0,0,-1,0,0
_,2,2,0,0,1,0,0
_,2,4,-2,-1,-1,0,0
_,3,13,-10,-1,-1,0,0
_,2,2,0,0,-1,0,0
_,9,3,-6,-1,1,0,0
_,2,3,-1,-1,-1,0,0
_,2,4,-2,-1,-1,1,0
_,3,3,0,0,-1,0,0
_,1,2,-1,-1,-1,0,0
_,4,10,-6,-1,-1,0,0
_,2,3,1,1,1,0,0
_,7,2,5,1,-1,0,0
_,2,2,0,0,-1,0,0
_,2,4,-2,-1,-1,0,0
_,6,8,-2,-1,-1,0,0
_,6,2,-4,-1,1,0,0
_,19,9,-10,-1,1,0,0
_,8,2,-6,-1,1,0,0
_,2,3,-1,-1,-1,0,0
_,8,3,-5,-1,1,0,0
_,16,3,-13,-1,1,0,0
_,5,7,-2,-1,-1,0,0
_,3,4,-1,-1,-1,0,0
_,2,9,-7,-1,-1,0,0
_,3,3,0,0,-1,0,0
_,1,3,-2,-1,-1,0,0
_,5,4,1,1,-1,0,0
_,2,3,-1,-1,-1,0,0
_,9,11,-2,-1,-1,0,0
_,4,2,2,1,-1,0,0
_,5,9,-4,-1,-1,0,0
_,2,43,-41,-1,-1,0,0
_,31,3,-28,-1,1,0,0
_,13,7,-6,-1,1,0,0
_,2,3,-1,-1,-1,0,0
_,8,2,6,1,-1,0,0
_,4,4,0,0,-1,0,0
_,12,8,-4,-1,1,0,0
_,3,3,0,0,1,0,0
_,5,2,-3,-1,1,0,0
_,6,19,-13,-1,-1,0,0
_,6,3,3,1,-1,0,0
_,2,29,-27,-1,-1,0,0
_,11,11,0,0,-1,0,0
_,5,5,0,0,-1,0,0
_,3,18,-15,-1,-1,0,0
_,2,6,-4,-1,-1,0,0
_,2,3,-1,-1,-1,0,0
_,3,5,-2,-1,-1,0,0
_,3,4,-1,-1,-1,0,0
_,6,5,-1,-1,1,0,0
_,3,22,-19,-1,-1,0,0
_,1,38,-37,-1,-1,0,0
_,7,16,-9,-1,-1,0,0
_,4,5,-1,-1,-1,0,0
_,3,17,-14,-1,-1,0,0
_,4,6,-2,-1,-1,0,0
_,2,6,-4,-1,-1,0,0
_,6,41,35,1,1,-1,0
_,7,3,-4,-1,1,0,0
_,11,15,-4,-1,-1,1,0
_,3,4,-1,-1,-1,0,0
_,8,2,-6,-1,1,0,0
_,5,3,-2,-1,1,1,0
_,7,3,-4,-1,1,0,0
_,6,8,-2,-1,-1,0,0
_,3,9,-6,-1,-1,0,0
_,4,4,0,0,1,0,0
_,31,10,-21,-1,1,0,0
_,24,6,-18,-1,1,0,0
_,3,11,-8,-1,-1,0,0
_,21,6,-15,-1,1,0,0
_,12,7,5,1,-1,0,0
_,12,15,-3,-1,-1,0,0
_,16,20,-4,-1,-1,0,0
_,13,6,-7,-1,1,0,0
_,25,10,-15,-1,1,0,0
_,5,3,2,1,-1,0,0
_,8,6,-2,-1,1,0,0
_,11,6,-5,-1,1,0,0
_,3,20,-17,-1,-1,0,0
_,8,2,-6,-1,1,0,0
_,5,4,1,1,-1,0,0
_,9,3,-6,-1,1,0,0
_,3,22,-19,-1,-1,0,0
_,4,3,1,1,-1,0,0
_,2,4,-2,-1,-1,0,0
_,2,19,-17,-1,-1,0,0
_,2,7,-5,-1,-1,0,0
_,9,3,-6,-1,1,0,0
_,4,4,0,0,1,0,0
_,11,3,8,1,-1,0,0
_,5,3,-2,-1,1,0,0
_,3,6,-3,-1,-1,0,0
_,7,4,3,1,-1,0,0
_,6,8,-2,-1,-1,0,0
_,21,3,-18,-1,1,0,0
_,2,5,-3,-1,-1,0,0
_,2,4,-2,-1,-1,0,0
_,5,3,-2,-1,1,0,0
_,5,15,-10,-1,-1,0,0
_,12,5,7,1,-1,0,0
_,16,3,-13,-1,1,-1,0
_,1,38,-37,-1,-1,1,0
_,8,3,-5,-1,1,0,0
_,2,5,-3,-1,-1,0,0
_,5,3,2,1,-1,0,0
_,3,2,-1,-1,1,-1,0
_,1,4,-3,-1,-1,0,0
_,2,8,-6,-1,-1,0,0
_,2,6,-4,-1,-1,0,0
_,3,3,0,0,-1,0,0
_,5,16,-11,-1,-1,0,0
_,2,3,-1,-1,-1,0,0
_,2,3,-1,-1,-1,0,0
_,2,3,-1,-1,-1,0,0
_,14,3,-11,-1,1,0,0
_,4,4,0,0,-1,0,0
_,1,6,-5,-1,-1,0,0
_,5,2,3,1,-1,0,0
_,3,3,0,0,-1,0,0
_,4,7,-3,-1,-1,0,0
_,3,4,-1,-1,-1,0,0
_,5,3,2,1,-1,0,0
_,5,2,-3,-1,1,-1,0
_,4,4,0,0,1,0,0
_,4,4,0,0,-1,0,0
_,3,8,-5,-1,-1,0,0
_,2,3,-1,-1,-1,0,0
_,17,4,-13,-1,1,0,0
_,9,2,-7,-1,1,0,0
_,8,2,-6,-1,1,0,0
_,4,3,1,1,-1,0,0
_,4,3,1,1,-1,0,0
_,2,6,-4,-1,-1,0,0
_,2,43,-41,-1,-1,0,0
_,2,5,-3,-1,-1,0,0
_,7,3,-4,-1,1,0,0
_,2,3,-1,-1,-1,0,0
_,2,3,-1,-1,-1,0,0
_,1,9,-8,-1,-1,0,0
_,2,2,0,0,-1,0,0
_,2,7,-5,-1,-1,0,0
_,6,3,3,1,-1,0,0
_,3,3,0,0,1,0,0
_,7,4,3,1,-1,0,0
_,2,4,-2,-1,-1,0,0
_,3,5,2,1,1,0,0
_,3,31,-28,-1,-1,0,0
_,4,32,-28,-1,-1,0,0
_,23,3,-20,-1,1,0,0
_,2,15,-13,-1,-1,0,0
_,2,8,-6,-1,-1,0,0
_,2,10,-8,-1,-1,0,0
_,2,6,-4,-1,-1,0,0
_,3,4,-1,-1,-1,0,0
_,5,7,-2,-1,-1,0,0
_,12,3,-9,-1,1,0,0
_,17,5,-12,-1,1,0,0
_,5,7,-2,-1,-1,0,0
_,2,40,-38,-1,-1,0,0
_,4,7,3,1,1,0,0
_,7,2,-5,-1,1,0,0
_,6,2,-4,-1,1,0,0
_,2,32,-30,-1,-1,0,0
_,20,6,-14,-1,1,0,0
_,6,4,-2,-1,1,0,0
_,3,3,0,0,-1,0,0
_,3,3,0,0,-1,0,0
_,2,2,0,0,1,0,0
_,3,3,0,0,1,0,0
_,14,4,-10,-1,1,-1,0
_,2,9,-7,-1,-1,0,0
_,4,18,-14,-1,-1,0,0
_,2,3,-1,-1,-1,0,0
_,2,3,-1,-1,-1,0,0
_,2,6,-4,-1,-1,0,0
_,3,3,0,0,-1,0,0
_,4,17,-13,-1,-1,0,0
_,48,4,-44,-1,1,0,0
_,34,4,-30,-1,1,0,0
_,2,7,-5,-1,-1,0,0
_,6,3,-3,-1,1,0,0
_,2,18,-16,-1,-1,0,0
_,2,2,0,0,-1,0,0
_,2,3,-1,-1,-1,0,0
_,2,4,-2,-1,-1,0,0
_,3,4,-1,-1,-1,0,0
_,11,2,-9,-1,1,0,0
_,3,18,-15,-1,-1,0,0
_,2,4,-2,-1,-1,0,0
_,2,6,-4,-1,-1,0,0
_,3,3,0,0,-1,0,0
_,3,4,-1,-1,-1,0,0
_,8,5,-3,-1,1,0,0
_,4,4,0,0,-1,0,0
_,18,3,-15,-1,1,0,0
_,4,8,-4,-1,-1,0,0
_,14,3,-11,-1,1,0,0
_,7,10,-3,-1,-1,0,0
_,13,7,6,1,-1,0,0
_,2,18,-16,-1,-1,0,0
_,2,7,-5,-1,-1,0,0
_,3,3,0,0,1,0,0
_,21,15,6,1,-1,0,0
_,2,6,4,1,1,0,0
_,2,3,-1,-1,-1,0,0
_,4,6,-2,-1,-1,0,0
_,10,12,-2,-1,-1,0,0
_,4,5,-1,-1,-1,0,0
_,5,3,-2,-1,1,0,0
_,4,10,-6,-1,-1,0,0
_,6,3,-3,-1,1,0,0
_,24,3,-21,-1,1,0,0
_,15,4,-11,-1,1,0,0
_,2,2,0,0,1,0,0
_,6,3,-3,-1,1,0,0
_,3,2,-1,-1,1,-1,0
_,2,6,-4,-1,-1,0,0
_,2,15,-13,-1,-1,0,0
_,7,10,-3,-1,-1,0,0
_,7,7,0,0,-1,0,0
_,2,3,-1,-1,-1,0,0
_,15,2,-13,-1,1,0,0
_,15,5,-10,-1,1,0,0
_,6,6,0,0,-1,0,0
_,5,3,-2,-1,1,0,0
_,9,4,-5,-1,1,0,0
_,12,4,-8,-1,1,0,0
_,2,17,-15,-1,-1,0,0
_,5,13,-8,-1,-1,0,0
_,7,4,3,1,-1,0,0
_,13,3,-10,-1,1,0,0
_,12,3,-9,-1,1,0,0
_,2,3,-1,-1,-1,0,0
_,3,9,6,1,1,0,0
_,4,2,-2,-1,1,-1,0
_,1,7,-6,-1,-1,0,0
_,31,4,-27,-1,1,0,0
_,5,4,-1,-1,1,0,0
_,2,15,-13,-1,-1,0,0
_,1,4,-3,-1,-1,-1,0
_,17,5,-12,-1,1,0,0
_,14,2,-12,-1,1,0,0
_,18,6,-12,-1,1,0,0
_,3,8,5,1,1,0,0
_,4,6,-2,-1,-1,0,0
_,2,9,-7,-1,-1,0,0
_,3,7,-4,-1,-1,0,0
_,3,3,0,0,-1,0,0
_,69,3,-66,-1,1,0,0
laisser,6,2,-4,-1,1,0,0
_,25,15,-10,-1,1,0,0
_,9,6,-3,-1,1,0,0
_,19,3,16,1,-1,0,0
_,1,9,-8,-1,-1,0,0
_,7,11,-4,-1,-1,0,0
_,3,18,-15,-1,-1,0,0
_,2,2,0,0,-1,0,0
_,6,3,-3,-1,1,0,0
_,1,3,-2,-1,-1,0,0
_,2,10,-8,-1,-1,0,0
_,1,6,-5,-1,-1,0,0
_,5,3,2,1,-1,0,0
_,2,75,-73,-1,-1,0,0
_,6,5,1,1,-1,0,0
_,2,3,-1,-1,-1,0,0
_,5,3,2,1,-1,-1,0
_,5,45,-40,-1,-1,0,0
_,5,4,1,1,-1,0,0
_,3,2,-1,-1,1,0,0
_,3,8,5,1,1,0,0
_,2,7,-5,-1,-1,0,0
_,5,3,2,1,-1,0,0
_,7,14,-7,-1,-1,0,0
_,7,3,4,1,-1,0,0
_,2,19,-17,-1,-1,0,0
_,6,2,4,1,-1,0,0
_,3,9,-6,-1,-1,0,0
_,6,6,0,0,-1,0,0
_,3,3,0,0,1,0,0
_,3,7,4,1,1,-1,0
_,3,3,0,0,1,0,0
_,5,9,-4,-1,-1,0,0
_,2,3,-1,-1,-1,0,0
_,10,5,-5,-1,1,0,0
_,5,7,-2,-1,-1,0,0
_,5,16,-11,-1,-1,0,0
_,23,6,-17,-1,1,0,0
_,4,15,-11,-1,-1,0,0
_,10,8,2,1,-1,0,0
_,4,6,-2,-1,-1,0,0
_,3,3,0,0,1,0,0
_,36,5,-31,-1,1,0,0
_,5,4,-1,-1,1,0,0
_,6,6,0,0,1,0,0
_,7,44,-37,-1,-1,0,0
_,6,3,3,1,-1,0,0
_,14,2,-12,-1,1,0,0
_,13,3,-10,-1,1,0,0
_,14,2,-12,-1,1,0,0
_,3,3,0,0,-1,0,0
_,32,4,-28,-1,1,0,0
_,3,4,-1,-1,-1,0,0
_,9,2,-7,-1,1,-1,0
_,2,3,-1,-1,-1,0,0
_,2,4,-2,-1,-1,0,0
_,2,5,-3,-1,-1,0,0
_,3,6,-3,-1,-1,0,0
_,11,5,-6,-1,1,0,0
_,8,5,-3,-1,1,0,0
_,2,3,-1,-1,-1,0,0
_,2,8,-6,-1,-1,0,0
_,12,2,-10,-1,1,0,0
_,2,2,0,0,-1,0,0
_,3,10,7,1,1,0,0
_,2,6,-4,-1,-1,0,0
_,2,2,0,0,-1,1,0
_,7,2,-5,-1,1,0,0
_,7,2,-5,-1,1,-1,0
_,3,2,-1,-1,1,-1,0
_,5,3,-2,-1,1,1,0
_,3,4,-1,-1,-1,0,0
_,22,3,-19,-1,1,0,0
_,3,7,4,1,1,0,0
_,8,16,-8,-1,-1,0,0
_,9,6,-3,-1,1,0,0
_,7,15,-8,-1,-1,0,0
_,2,21,-19,-1,-1,0,0
_,17,6,-11,-1,1,0,0
_,5,2,-3,-1,1,0,0
_,20,5,-15,-1,1,0,0
_,9,4,-5,-1,1,0,0
_,11,4,-7,-1,1,0,0
faire,1,18,-17,-1,-1,0,0
_,4,2,-2,-1,1,0,0
_,1,4,-3,-1,-1,0,0
_,6,33,-27,-1,-1,0,0
_,5,2,-3,-1,1,0,0
_,6,63,-57,-1,-1,0,0
_,3,4,-1,-1,-1,0,0
_,13,3,-10,-1,1,0,0
_,2,3,-1,-1,-1,0,0
_,3,12,-9,-1,-1,0,0
_,4,2,2,1,-1,0,0
_,4,15,-11,-1,-1,0,0
_,5,3,-2,-1,1,0,0
_,3,13,-10,-1,-1,1,0
_,2,3,-1,-1,-1,0,0
_,2,3,-1,-1,-1,0,0
_,3,6,-3,-1,-1,0,0
_,8,5,-3,-1,1,0,0
_,2,6,-4,-1,-1,0,0
_,3,6,-3,-1,-1,0,0
_,2,5,-3,-1,-1,0,0
_,5,3,2,1,-1,0,0
_,2,43,-41,-1,-1,0,0
_,7,15,-8,-1,-1,0,0
_,2,23,-21,-1,-1,0,0
_,3,5,-2,-1,-1,0,0
_,7,3,-4,-1,1,1,0
_,20,8,-12,-1,1,0,0
_,2,26,-24,-1,-1,0,0
_,5,4,1,1,-1,0,0
_,6,6,0,0,-1,0,0
_,9,3,-6,-1,1,0,0
_,3,7,-4,-1,-1,0,0
concentrer,2,3,-1,-1,-1,0,0
_,2,6,-4,-1,-1,0,0
_,6,8,2,1,1,0,0
faire,1,58,-57,-1,-1,0,0
_,1,5,-4,-1,-1,1,0
_,21,2,-19,-1,1,-1,0
_,2,4,-2,-1,-1,0,0
_,1,4,-3,-1,-1,0,0
_,12,43,-31,-1,-1,0,0
_,24,2,-22,-1,1,0,0
_,2,6,-4,-1,-1,0,0
_,1,4,-3,-1,-1,-1,0
_,7,7,0,0,1,0,0
_,3,6,-3,-1,-1,0,0
_,26,4,-22,-1,1,0,0
_,3,7,-4,-1,-1,0,0
considÃ©rer,2,4,-2,-1,-1,0,0
_,5,2,3,1,-1,0,0
_,9,8,-1,-1,1,-1,0
_,2,7,-5,-1,-1,0,0
_,5,18,-13,-1,-1,0,0
_,2,3,-1,-1,-1,0,0
_,3,3,0,0,-1,-1,0
_,5,8,-3,-1,-1,0,0
_,4,6,-2,-1,-1,0,0
_,2,7,-5,-1,-1,0,0
_,2,5,-3,-1,-1,0,0
_,5,4,-1,-1,1,0,0
_,2,6,-4,-1,-1,0,0
_,4,27,-23,-1,-1,0,0
_,3,4,-1,-1,-1,0,0
_,2,2,0,0,-1,1,0
_,9,3,6,1,-1,0,0
_,2,2,0,0,-1,0,0
_,5,3,-2,-1,1,0,0
_,2,4,-2,-1,-1,0,0
_,2,4,-2,-1,-1,0,0
_,2,17,-15,-1,-1,0,0
_,2,3,-1,-1,-1,0,0
_,1,10,-9,-1,-1,0,0
_,4,7,-3,-1,-1,0,0
_,22,2,-20,-1,1,0,0
_,9,9,0,0,-1,0,0
_,18,7,-11,-1,1,0,0
_,10,8,2,1,-1,0,0
_,2,7,-5,-1,-1,0,0
_,4,9,-5,-1,-1,0,0
_,2,3,-1,-1,-1,0,0
_,2,5,-3,-1,-1,0,0
_,6,2,-4,-1,1,0,0
_,27,3,-24,-1,1,0,0
_,11,4,-7,-1,1,0,0
_,4,2,-2,-1,1,0,0
_,2,8,-6,-1,-1,0,0
_,9,3,6,1,-1,0,0
_,1,4,-3,-1,-1,0,0
_,3,20,-17,-1,-1,0,0
_,8,8,0,0,-1,0,0
_,6,3,3,1,-1,0,0
_,3,3,0,0,-1,0,0
_,7,5,2,1,-1,0,0
_,4,12,-8,-1,-1,0,0
_,22,5,-17,-1,1,0,0
_,3,3,0,0,-1,0,0
_,6,2,-4,-1,1,0,0
_,4,7,-3,-1,-1,0,0
_,14,3,-11,-1,1,0,0
_,4,6,-2,-1,-1,0,0
_,2,7,-5,-1,-1,0,0
_,3,4,-1,-1,-1,0,0
_,3,16,-13,-1,-1,0,0
_,7,4,3,1,-1,0,0
_,1,8,-7,-1,-1,0,0
_,1,2,-1,-1,-1,0,0
_,9,2,-7,-1,1,0,0
_,3,6,-3,-1,-1,0,0
_,4,3,1,1,-1,0,0
_,3,7,-4,-1,-1,0,0
_,1,25,-24,-1,-1,0,0
_,5,3,2,1,-1,0,0
_,2,5,-3,-1,-1,0,0
_,2,2,0,0,-1,0,0
_,2,3,-1,-1,-1,0,0
_,25,3,-22,-1,1,0,0
_,5,4,-1,-1,1,0,0
_,5,3,-2,-1,1,0,0
_,23,4,-19,-1,1,0,0
_,2,12,-10,-1,-1,0,0
_,2,5,-3,-1,-1,0,0
_,5,4,1,1,-1,0,0
_,12,3,9,1,-1,0,0
_,2,18,-16,-1,-1,0,0
_,2,3,-1,-1,-1,-1,0
_,2,4,-2,-1,-1,0,0
_,34,5,-29,-1,1,0,0
_,10,4,-6,-1,1,0,0
_,5,26,-21,-1,-1,0,0
_,7,26,-19,-1,-1,0,0
_,4,2,2,1,-1,0,0
_,4,3,1,1,-1,0,0
_,4,8,-4,-1,-1,0,0
_,8,3,-5,-1,1,0,0
_,2,2,0,0,-1,1,0
_,6,4,2,1,-1,0,0
_,2,4,-2,-1,-1,0,0
_,3,3,0,0,-1,0,0
_,3,4,1,1,1,0,0
_,2,12,-10,-1,-1,0,0
_,7,10,-3,-1,-1,0,0
_,8,6,-2,-1,1,0,0
_,3,4,-1,-1,-1,0,0
_,32,6,-26,-1,1,0,0
_,6,3,3,1,-1,0,0
_,5,5,0,0,1,0,0
_,13,2,-11,-1,1,0,0
_,2,4,-2,-1,-1,0,0
_,7,3,-4,-1,1,0,0
_,3,3,0,0,-1,0,0
_,2,3,-1,-1,-1,0,0
_,2,4,-2,-1,-1,0,0
_,7,2,-5,-1,1,0,0
_,2,7,-5,-1,-1,0,0
_,5,11,-6,-1,-1,0,0
_,3,17,-14,-1,-1,0,0
_,3,61,-58,-1,-1,0,0
_,5,3,2,1,-1,0,0
_,4,12,-8,-1,-1,0,0
_,24,11,13,1,-1,0,0
_,6,3,3,1,-1,0,0
_,3,3,0,0,-1,0,0
_,4,3,1,1,-1,0,0
_,10,4,6,1,-1,0,0
_,10,3,-7,-1,1,-1,0
_,2,15,-13,-1,-1,0,0
_,4,5,-1,-1,-1,0,0
_,3,2,1,1,-1,0,0
_,19,5,-14,-1,1,0,0
_,12,10,2,1,-1,0,0
_,2,7,-5,-1,-1,0,0
_,4,7,-3,-1,-1,0,0
_,2,3,-1,-1,-1,0,0
_,1,3,-2,-1,-1,0,0
_,7,4,-3,-1,1,0,0
_,4,4,0,0,-1,0,0
_,2,6,-4,-1,-1,0,0
_,6,3,-3,-1,1,0,0
_,6,3,-3,-1,1,0,0
_,6,7,1,1,1,0,0
_,5,10,-5,-1,-1,0,0
_,1,8,-7,-1,-1,0,0
_,3,7,-4,-1,-1,0,0
_,23,6,-17,-1,1,0,0
_,11,6,-5,-1,1,0,0
_,5,12,-7,-1,-1,0,0
_,3,23,-20,-1,-1,0,0
_,5,7,-2,-1,-1,0,0
_,2,15,-13,-1,-1,0,0
_,1,6,-5,-1,-1,0,0
_,3,3,0,0,-1,0,0
_,20,4,-16,-1,1,0,0
_,10,19,-9,-1,-1,-1,0
_,7,2,-5,-1,1,0,0
_,9,8,-1,-1,1,0,0
_,2,11,-9,-1,-1,0,0
_,7,3,-4,-1,1,1,0
_,6,7,1,1,1,0,0
_,4,8,-4,-1,-1,0,0
_,11,3,-8,-1,1,0,0
_,2,12,-10,-1,-1,0,0
_,6,5,1,1,-1,1,0
_,5,6,1,1,1,0,0
_,4,3,-1,-1,1,0,0
_,2,15,-13,-1,-1,0,0
_,13,7,-6,-1,1,0,0
_,5,3,2,1,-1,0,0
_,3,14,-11,-1,-1,0,0
_,2,6,-4,-1,-1,0,0
_,12,3,9,1,-1,0,0
_,5,2,3,1,-1,0,0
_,2,3,-1,-1,-1,0,0
_,2,11,-9,-1,-1,0,0
_,6,3,3,1,-1,0,0
_,5,2,-3,-1,1,0,0
_,4,4,0,0,1,0,0
_,4,26,-22,-1,-1,0,0
_,2,44,-42,-1,-1,0,0
_,2,13,-11,-1,-1,0,0
_,5,7,-2,-1,-1,0,0
_,8,3,-5,-1,1,0,0
_,6,4,-2,-1,1,0,0
_,2,7,-5,-1,-1,0,0
_,3,4,1,1,1,0,0
_,6,5,1,1,-1,0,0
_,7,7,0,0,-1,0,0
_,3,2,1,1,-1,0,0
_,3,21,-18,-1,-1,0,0
_,4,2,2,1,-1,0,0
_,18,12,6,1,-1,0,0
_,7,16,-9,-1,-1,0,0
_,7,4,-3,-1,1,0,0
_,3,2,1,1,-1,0,0
_,2,4,-2,-1,-1,0,0
_,3,5,-2,-1,-1,0,0
_,3,2,1,1,-1,0,0
_,5,4,-1,-1,1,0,0
_,9,5,4,1,-1,1,0
_,3,4,-1,-1,-1,0,0
_,4,5,1,1,1,0,0
_,7,2,-5,-1,1,0,0
_,1,2,-1,-1,-1,0,0
_,2,3,-1,-1,-1,0,0
_,4,8,-4,-1,-1,0,0
_,2,2,0,0,-1,0,0
_,10,4,-6,-1,1,0,0
_,12,5,7,1,-1,0,0
_,2,6,-4,-1,-1,0,0
_,2,6,-4,-1,-1,0,0
_,2,4,-2,-1,-1,0,0
_,26,3,-23,-1,1,0,0
_,2,3,-1,-1,-1,0,0
_,3,6,-3,-1,-1,0,0
_,2,3,-1,-1,-1,0,0
_,4,5,-1,-1,-1,0,0
_,7,8,1,1,1,0,0
_,5,18,-13,-1,-1,0,0
_,3,57,-54,-1,-1,0,0
_,3,2,-1,-1,1,0,0
_,5,7,-2,-1,-1,0,0
_,8,9,-1,-1,-1,0,0
_,2,5,-3,-1,-1,0,0
_,2,36,-34,-1,-1,0,0
_,5,3,-2,-1,1,0,0
_,2,9,-7,-1,-1,0,0
_,2,9,-7,-1,-1,0,0
_,9,3,-6,-1,1,0,0
_,4,3,-1,-1,1,0,0
_,4,9,-5,-1,-1,0,0
_,8,6,-2,-1,1,0,0
_,2,7,-5,-1,-1,0,0
_,4,5,-1,-1,-1,0,0
_,8,3,-5,-1,1,0,0
_,3,3,0,0,-1,0,0
_,12,2,-10,-1,1,0,0
_,3,14,-11,-1,-1,0,0
_,3,14,-11,-1,-1,0,0
_,15,2,13,1,-1,0,0
_,6,2,4,1,-1,0,0
_,3,3,0,0,1,0,0
_,13,4,9,1,-1,0,0
_,7,3,-4,-1,1,0,0
_,3,11,-8,-1,-1,0,0
_,2,2,0,0,-1,0,0
_,2,4,-2,-1,-1,0,0
_,2,3,-1,-1,-1,0,0
_,3,4,-1,-1,-1,0,0
_,6,6,0,0,-1,0,0
_,2,3,-1,-1,-1,0,0
_,2,7,-5,-1,-1,0,0
_,2,6,-4,-1,-1,0,0
_,3,3,0,0,-1,0,0
_,2,6,-4,-1,-1,0,0
_,2,3,-1,-1,-1,0,0
_,7,3,-4,-1,1,0,0
_,2,3,-1,-1,-1,0,0
_,2,2,0,0,-1,0,0
_,8,9,-1,-1,-1,-1,0
_,2,11,-9,-1,-1,0,0
_,2,2,0,0,-1,1,0
_,1,3,-2,-1,-1,0,0
_,2,3,-1,-1,-1,0,0
_,4,2,2,1,-1,0,0
_,2,3,-1,-1,-1,0,0
_,20,3,-17,-1,1,0,0
_,1,5,-4,-1,-1,0,0
_,2,2,0,0,-1,0,0
_,2,2,0,0,-1,1,0
_,2,2,0,0,-1,0,0
_,4,3,-1,-1,1,0,0
_,2,5,-3,-1,-1,0,0
_,2,2,0,0,-1,0,0
_,3,5,-2,-1,-1,0,0
_,2,2,0,0,-1,0,0
_,2,7,-5,-1,-1,0,0
_,33,4,-29,-1,1,0,0
_,3,9,-6,-1,-1,0,0
_,2,2,0,0,-1,1,0
_,6,6,0,0,-1,0,0
_,4,7,-3,-1,-1,0,0
_,5,3,-2,-1,1,-1,0
_,2,3,-1,-1,-1,0,0
_,2,4,-2,-1,-1,0,0
_,3,13,-10,-1,-1,0,0
_,4,7,-3,-1,-1,0,0
_,3,18,-15,-1,-1,0,0
_,3,3,0,0,-1,0,0
_,9,19,-10,-1,-1,0,0
_,3,3,0,0,-1,0,0
_,16,2,-14,-1,1,0,0
_,6,2,4,1,-1,0,0
_,4,8,-4,-1,-1,0,0
_,8,8,0,0,-1,0,0
_,20,2,-18,-1,1,0,0
_,3,2,1,1,-1,0,0
_,5,4,1,1,-1,0,0
_,4,3,-1,-1,1,0,0
_,11,8,3,1,-1,0,0
_,9,3,-6,-1,1,0,0
_,6,4,2,1,-1,0,0
_,4,3,1,1,-1,0,0
_,6,4,2,1,-1,0,0
_,2,4,-2,-1,-1,0,0
_,11,6,5,1,-1,0,0
_,2,4,-2,-1,-1,0,0
_,4,3,-1,-1,1,0,0
_,2,3,-1,-1,-1,0,0
_,2,7,-5,-1,-1,0,0
_,3,3,0,0,-1,0,0
_,2,4,-2,-1,-1,0,0
_,7,18,-11,-1,-1,0,0
_,4,2,2,1,-1,0,0
_,2,9,-7,-1,-1,0,0
_,14,5,-9,-1,1,0,0
_,4,5,1,1,1,0,0
_,2,6,-4,-1,-1,0,0
_,2,6,-4,-1,-1,0,0
_,1,5,-4,-1,-1,0,0
poser,2,3,-1,-1,-1,0,0
_,3,4,1,1,1,0,0
_,7,32,-25,-1,-1,0,0
_,8,2,-6,-1,1,0,0
_,5,4,1,1,-1,0,0
_,2,3,-1,-1,-1,0,0
_,2,2,0,0,1,0,0
_,5,16,-11,-1,-1,0,0
_,2,4,2,1,1,0,0
_,2,3,-1,-1,-1,0,0
_,5,6,-1,-1,-1,0,0
_,6,10,-4,-1,-1,0,0
_,3,2,-1,-1,1,0,0
_,2,3,-1,-1,-1,0,0
_,2,4,-2,-1,-1,0,0
_,5,3,-2,-1,1,0,0
_,3,3,0,0,-1,0,0
_,3,7,-4,-1,-1,0,0
_,2,6,-4,-1,-1,0,0
_,1,16,-15,-1,-1,0,0
_,6,12,-6,-1,-1,0,0
_,7,4,3,1,-1,0,0
_,12,41,-29,-1,-1,0,0
_,23,5,-18,-1,1,0,0
_,4,17,-13,-1,-1,0,0
_,6,8,-2,-1,-1,0,0
_,5,6,1,1,1,0,0
_,2,7,-5,-1,-1,0,0
_,3,7,-4,-1,-1,0,0
_,4,3,1,1,-1,0,0
_,11,3,8,1,-1,0,0
_,1,6,-5,-1,-1,0,0
_,29,6,-23,-1,1,0,0
_,12,10,2,1,-1,0,0
visiter,6,11,-5,-1,-1,0,0
_,2,3,-1,-1,-1,0,0
_,7,5,2,1,-1,0,0
_,4,5,-1,-1,-1,0,0
_,3,8,-5,-1,-1,0,0
_,3,5,-2,-1,-1,0,0
_,5,7,-2,-1,-1,0,0
_,2,2,0,0,-1,0,0
_,7,12,-5,-1,-1,1,0
_,2,4,-2,-1,-1,0,0
_,2,6,-4,-1,-1,0,0
_,3,11,-8,-1,-1,0,0
_,11,11,0,0,-1,0,0
_,2,3,-1,-1,-1,0,0
_,20,21,-1,-1,-1,0,0
_,2,9,-7,-1,-1,0,0
_,6,4,2,1,-1,0,0
_,11,4,7,1,-1,0,0
_,10,5,5,1,-1,0,0
_,45,5,-40,-1,1,0,0
_,56,3,-53,-1,1,0,0
_,3,2,-1,-1,1,0,0
_,17,4,-13,-1,1,0,0
_,13,3,-10,-1,1,0,0
_,9,4,5,1,-1,0,0
_,3,62,-59,-1,-1,0,0
_,16,6,-10,-1,1,0,0
_,2,3,-1,-1,-1,0,0
_,5,10,-5,-1,-1,0,0
_,3,5,-2,-1,-1,0,0
_,11,9,2,1,-1,0,0
_,2,4,-2,-1,-1,0,0
_,3,4,-1,-1,-1,0,0
changer,14,11,3,1,-1,0,0
dominer,3,2,-1,-1,1,0,0
trouver,2,7,-5,-1,-1,0,0
compter,2,2,0,0,-1,0,0
passer,5,2,3,1,-1,0,0
voter,2,16,-14,-1,-1,0,0
battre,2,8,-6,-1,-1,0,0
exercer,5,3,-2,-1,1,0,0
rester,7,3,4,1,-1,0,0
atteindre,1,2,-1,-1,-1,0,0
remporter,4,2,2,1,-1,0,0
utiliser,3,2,-1,-1,1,0,0
remporter,5,10,-5,-1,-1,0,0
utiliser,5,4,1,1,-1,0,0
garder,11,4,-7,-1,1,0,0
atteindre,13,2,-11,-1,1,0,0
tirer,5,4,1,1,-1,0,0
payer,3,12,-9,-1,-1,0,0
ramener,10,2,-8,-1,1,-1,0
mettre,40,2,-38,-1,1,0,0
Ã©tudier,2,6,-4,-1,-1,0,0
opÃ©rer,12,2,-10,-1,1,0,0
construire,4,2,2,1,-1,0,0
empÃªcher,5,2,-3,-1,1,0,0
mettre,4,2,-2,-1,1,0,0
avoir,8,2,-6,-1,1,0,0
permettre,13,5,8,1,-1,0,0
coÃ»ter,3,2,1,1,-1,0,0
susciter,3,2,1,1,-1,0,0
envisager,7,2,5,1,-1,0,0
mener,3,6,-3,-1,-1,0,0
faire,2,6,-4,-1,-1,0,0
faire,2,4,-2,-1,-1,0,0
protÃ©ger,3,5,-2,-1,-1,0,0
construire,3,4,-1,-1,-1,0,0
rÃ©sumer,4,9,-5,-1,-1,0,0
ressusciter,3,2,1,1,-1,0,0
mettre,28,2,-26,-1,1,0,0
compter,5,3,-2,-1,1,0,0
terminer,2,5,-3,-1,-1,0,0
passer,4,2,2,1,-1,0,0
rejoindre,8,5,-3,-1,1,0,0
changer,3,14,-11,-1,-1,0,0
trouver,5,2,3,1,-1,0,0
trouver,2,5,-3,-1,-1,0,0
interprÃ©ter,2,11,-9,-1,-1,0,0
bÃ¢tir,5,3,-2,-1,1,0,0
entraÃ®ner,7,2,5,1,-1,0,0
dÃ©crocher,13,7,6,1,-1,0,0
avoir,3,10,-7,-1,-1,0,0
compter,2,2,0,0,-1,0,0
recueillir,2,4,-2,-1,-1,0,0
interpeller,2,6,-4,-1,-1,1,0
interprÃ©ter,42,4,-38,-1,1,0,0
passer,7,4,-3,-1,1,0,0
acheter,10,6,4,1,-1,0,0
avoir,4,11,-7,-1,-1,0,0
reconnaÃ®tre,6,6,0,0,-1,0,0
dÃ©fendre,2,15,-13,-1,-1,0,0
possÃ©der,3,4,-1,-1,-1,0,0
dÃ©couvrir,3,8,-5,-1,-1,0,0
allouer,1,5,-4,-1,-1,0,0
tarir,2,12,-10,-1,-1,0,0
tourner,5,5,0,0,-1,0,0
prendre,2,2,0,0,-1,0,0
dÃ©vier,2,10,-8,-1,-1,0,0
avoir,6,2,-4,-1,1,0,0
remercier,2,21,-19,-1,-1,0,0
identifier,14,3,11,1,-1,0,0
installer,2,5,-3,-1,-1,0,0
cultiver,2,2,0,0,-1,1,0
proposer,2,32,-30,-1,-1,0,0
dÃ©velopper,7,24,-17,-1,-1,0,0
dÃ©cerner,4,6,-2,-1,-1,0,0
mener,2,5,-3,-1,-1,0,0
dÃ©buter,2,2,0,0,-1,0,0
convoquer,2,9,-7,-1,-1,0,0
dessiner,3,10,-7,-1,-1,0,0
coÃ»ter,3,7,-4,-1,-1,0,0
imposer,8,9,-1,-1,-1,0,0
cesser,2,2,0,0,-1,0,0
organiser,2,2,0,0,1,0,0
espÃ©rer,1,3,-2,-1,-1,-1,0
relier,3,7,-4,-1,-1,0,0
retenir,2,9,-7,-1,-1,0,0
attacher,4,3,1,1,-1,0,0
transformer,2,3,-1,-1,-1,0,0
faire,2,8,-6,-1,-1,0,0
remporter,4,4,0,0,1,0,0
couvrir,3,8,-5,-1,-1,0,0
donner,12,6,-6,-1,1,0,0
Ã©pouser,37,2,-35,-1,1,0,0
avoir,18,3,-15,-1,1,0,0
garantir,4,9,-5,-1,-1,0,0
prendre,2,7,-5,-1,-1,0,0
Ã©lever,10,6,4,1,-1,0,0
composer,2,10,-8,-1,-1,0,0
obtenir,3,6,-3,-1,-1,0,0
partager,4,2,2,1,-1,0,0
introduire,14,2,-12,-1,1,0,0
mettre,2,2,0,0,1,0,0
proposer,15,2,-13,-1,1,0,0
signer,2,3,-1,-1,-1,0,0
retracer,5,4,1,1,-1,0,0
rÃ©aliser,4,2,2,1,-1,0,0
atteindre,3,4,-1,-1,-1,0,0
avoir,3,2,1,1,-1,1,0
remercier,3,12,-9,-1,-1,0,0
rÃ©cupÃ©rer,4,3,1,1,-1,0,0
expÃ©rimenter,11,4,-7,-1,1,0,0
fonder,6,2,4,1,-1,0,0
opÃ©rer,2,5,-3,-1,-1,0,0
faire,3,3,0,0,-1,0,0
faire,3,2,1,1,-1,0,0
jouer,5,8,-3,-1,-1,0,0
avoir,5,4,1,1,-1,0,0
reconnaÃ®tre,5,5,0,0,-1,0,0
accueillir,3,4,-1,-1,-1,0,0
recevoir,3,7,-4,-1,-1,0,0
suivre,6,7,-1,-1,-1,0,0
voir,31,16,-15,-1,1,0,0
conseiller,2,21,-19,-1,-1,0,0
consentir,3,4,-1,-1,-1,0,0
acheminer,8,2,6,1,-1,0,0
chanter,2,2,0,0,-1,0,0
prendre,2,2,0,0,1,0,0
mettre,6,2,-4,-1,1,0,0
convertir,9,2,7,1,-1,0,0
distribuer,5,2,-3,-1,1,0,0
mettre,8,6,2,1,-1,0,0
subir,3,3,0,0,-1,0,0
dÃ©placer,9,3,-6,-1,1,0,0
dÃ©velopper,9,8,1,1,-1,0,0
accrÃ©diter,2,19,-17,-1,-1,0,0
mettre,9,2,-7,-1,1,0,0
poser,3,15,-12,-1,-1,1,0
convoquer,6,3,-3,-1,1,1,0
commander,6,2,4,1,-1,0,0
remplir,7,3,-4,-1,1,0,0
suivre,7,3,4,1,-1,0,0
passer,4,3,-1,-1,1,0,0
connaÃ®tre,2,3,-1,-1,-1,0,0
contrÃ´ler,9,6,-3,-1,1,0,0
remporter,3,10,-7,-1,-1,0,0
peindre,2,9,-7,-1,-1,0,0
promouvoir,5,7,-2,-1,-1,0,0
entamer,2,7,-5,-1,-1,0,0
dÃ©clarer,2,5,-3,-1,-1,0,0
effectuer,9,26,-17,-1,-1,0,0
signer,2,3,-1,-1,-1,0,0
devenir,4,5,-1,-1,-1,0,0
recevoir,2,2,0,0,-1,0,0
traduire,4,2,-2,-1,1,0,0
acquÃ©rir,8,3,5,1,-1,0,0
relever,2,28,-26,-1,-1,0,0
avoir,2,3,-1,-1,-1,0,0
occasionner,3,3,0,0,-1,0,0
obtenir,6,3,-3,-1,1,0,0
confirmer,12,3,-9,-1,1,0,0
Ã©tablir,5,2,-3,-1,1,0,0
classer,2,2,0,0,-1,0,0
avoir,3,4,-1,-1,-1,0,0
attribuer,4,6,2,1,1,0,0
arrÃªter,2,3,-1,-1,-1,0,0
crÃ©er,15,2,-13,-1,1,-1,0
remporter,3,2,-1,-1,1,0,0
signifier,21,2,-19,-1,1,0,0
franchir,2,3,-1,-1,-1,0,0
longer,2,2,0,0,-1,0,0
parcourir,1,4,-3,-1,-1,0,0
paralyser,8,3,-5,-1,1,0,0
abandonner,3,5,-2,-1,-1,0,0
avoir,26,3,-23,-1,1,1,0
possÃ©der,7,4,-3,-1,1,0,0
dÃ©noncer,2,2,0,0,-1,0,0
dÃ©crocher,5,3,2,1,-1,0,0
diffuser,4,5,-1,-1,-1,0,0
monter,11,2,-9,-1,1,-1,0
obtenir,5,2,3,1,-1,0,0
intÃ©grer,3,2,1,1,-1,0,0
mettre,3,4,-1,-1,-1,0,0
dÃ©signer,2,2,0,0,-1,1,0
recevoir,5,3,2,1,-1,0,0
rendre,1,4,-3,-1,-1,0,0
reprendre,1,2,-1,-1,-1,0,0
fonder,16,2,-14,-1,1,0,0
exercer,7,6,1,1,-1,0,0
acheter,1,3,-2,-1,-1,0,0
trouver,2,13,-11,-1,-1,0,0
faire,3,10,-7,-1,-1,1,0
avoir,3,4,-1,-1,-1,0,0
remettre,10,2,-8,-1,1,0,0
mesurer,2,3,-1,-1,-1,0,0
obtenir,4,5,-1,-1,-1,0,0
avoir,1,2,-1,-1,-1,0,0
avoir,2,6,-4,-1,-1,0,0
valoir,8,2,6,1,-1,0,0
former,2,21,-19,-1,-1,0,0
rejoindre,2,19,-17,-1,-1,0,0
porter,2,3,1,1,1,0,0
diffuser,2,2,0,0,-1,0,0
diffuser,2,2,0,0,-1,0,0
inscrire,3,2,1,1,-1,0,0
confirmer,5,2,3,1,-1,0,0
rester,6,10,-4,-1,-1,0,0
reprÃ©senter,6,2,-4,-1,1,-1,0
accorder,4,4,0,0,-1,0,0
prendre,3,2,1,1,-1,0,0
dÃ©noncer,2,5,-3,-1,-1,0,0
remporter,3,2,1,1,-1,0,0
avoir,2,17,-15,-1,-1,0,0
valoir,4,8,-4,-1,-1,-1,0
dÃ©couvrir,2,2,0,0,-1,0,0
rejoindre,8,4,4,1,-1,0,0
prendre,5,2,-3,-1,1,0,0
recevoir,13,11,2,1,-1,0,0
prendre,1,9,-8,-1,-1,0,0
recevoir,2,7,-5,-1,-1,0,0
comparer,3,13,-10,-1,-1,0,0
prendre,3,4,-1,-1,-1,0,0
gouverner,2,3,-1,-1,-1,0,0
quitter,2,2,0,0,-1,0,0
voir,2,3,-1,-1,-1,0,0
rÃ©clamer,8,3,-5,-1,1,0,0
organiser,14,9,5,1,-1,0,0
rejoindre,3,8,-5,-1,-1,0,0
maintenir,6,2,-4,-1,1,0,0
effectuer,4,4,0,0,-1,0,0
cesser,2,2,0,0,-1,0,0
diriger,2,3,-1,-1,-1,0,0
attirer,15,42,-27,-1,-1,0,0
prolonger,13,3,-10,-1,1,0,0
mentionner,5,4,-1,-1,1,0,0
verser,7,7,0,0,-1,0,0
marquer,8,2,-6,-1,1,0,0
parsemer,8,19,-11,-1,-1,0,0
donner,7,5,2,1,-1,0,0
maintenir,2,3,-1,-1,-1,0,0
transfÃ©rer,2,3,-1,-1,-1,0,0
surveiller,2,7,-5,-1,-1,0,0
escalader,3,3,0,0,-1,0,0
lancer,14,8,6,1,-1,0,0
adapter,2,3,-1,-1,-1,0,0
couronner,2,6,-4,-1,-1,0,0
remporter,6,4,2,1,-1,0,0
Ã©crire,13,3,-10,-1,1,0,0
obtenir,5,4,1,1,-1,0,0
transmettre,4,5,-1,-1,-1,0,0
lancer,2,7,-5,-1,-1,0,0
rendre,1,7,-6,-1,-1,0,0
gagner,3,7,-4,-1,-1,0,0
recevoir,19,4,-15,-1,1,0,0
prendre,3,6,-3,-1,-1,0,0
Ã©voquer,12,4,-8,-1,1,0,0
contrÃ´ler,2,5,-3,-1,-1,0,0
Ã©pouser,3,2,1,1,-1,0,0
bÃ¢tir,3,3,0,0,-1,0,0
concentrer,2,6,-4,-1,-1,0,0
avoir,2,6,-4,-1,-1,0,0
trouver,2,4,-2,-1,-1,0,0
permettre,5,3,2,1,-1,0,0
perdre,3,2,1,1,-1,0,0
prendre,1,16,-15,-1,-1,0,0
faire,12,5,7,1,-1,0,0
prendre,7,5,2,1,-1,0,0
prendre,5,4,1,1,-1,0,0
prendre,2,3,-1,-1,-1,0,0
diriger,6,5,1,1,-1,0,0
accompagner,19,2,-17,-1,1,0,0
faire,11,13,-2,-1,-1,0,0
faire,3,2,1,1,-1,0,0
avoir,2,14,-12,-1,-1,0,0
publier,17,2,-15,-1,1,0,0
Ã©crire,11,3,-8,-1,1,0,0
diriger,2,2,0,0,-1,0,0
dÃ©buter,3,2,1,1,-1,0,0
inventer,3,2,1,1,-1,0,0
suivre,5,2,3,1,-1,0,0
atteindre,5,2,-3,-1,1,-1,0
lancer,3,2,1,1,-1,0,0
autoriser,5,13,-8,-1,-1,0,0
recouvrer,2,2,0,0,-1,0,0
dÃ©crocher,2,15,-13,-1,-1,0,0
fonder,2,2,0,0,-1,0,0
revendiquer,5,5,0,0,-1,0,0
recevoir,3,6,-3,-1,-1,0,0
avoir,5,5,0,0,-1,0,0
crÃ©er,24,6,-18,-1,1,0,0
placer,3,5,-2,-1,-1,0,0
composer,2,2,0,0,-1,0,0
inspirer,4,6,-2,-1,-1,0,0
avoir,26,2,-24,-1,1,0,0
suivre,2,3,-1,-1,-1,0,0
lÃ¢cher,2,15,-13,-1,-1,0,0
apporter,3,6,-3,-1,-1,0,0
former,2,10,-8,-1,-1,0,0
constituer,3,10,-7,-1,-1,0,0
suivre,6,3,3,1,-1,0,0
dÃ©crire,3,4,1,1,1,0,0
passer,3,3,0,0,-1,0,0
entreprendre,3,2,1,1,-1,-1,0
pencher,2,3,-1,-1,-1,0,0
laisser,5,6,-1,-1,-1,0,0
conserver,2,6,-4,-1,-1,0,0
rencontrer,5,22,-17,-1,-1,0,0
vouloir,3,3,0,0,-1,0,0
cesser,2,3,-1,-1,-1,0,0
rÃ©vÃ©ler,2,4,-2,-1,-1,0,0
assurer,2,7,-5,-1,-1,0,0
admettre,10,2,-8,-1,1,0,0
compter,1,2,-1,-1,-1,0,0
effectuer,3,17,-14,-1,-1,0,0
dÃ©passer,2,4,-2,-1,-1,0,0
adjuger,2,2,0,0,-1,0,0
prendre,16,2,-14,-1,1,0,0
prendre,2,6,-4,-1,-1,0,0
replacer,3,4,-1,-1,-1,0,0
Ã©diter,6,2,4,1,-1,0,0
rencontrer,2,4,-2,-1,-1,0,0
prendre,2,2,0,0,-1,0,0
accepter,4,5,-1,-1,-1,0,0
porter,2,11,-9,-1,-1,0,0
nÃ©cessiter,4,8,-4,-1,-1,0,0
publier,6,11,5,1,1,0,0
orienter,2,4,-2,-1,-1,0,0
avoir,2,4,-2,-1,-1,0,0
mettre,5,2,-3,-1,1,0,0
compenser,6,5,1,1,-1,0,0
Ã©tudier,11,7,4,1,-1,0,0
commencer,2,2,0,0,-1,0,0
intÃ©grer,10,8,-2,-1,1,0,0
remettre,5,2,-3,-1,1,0,0
fermer,2,26,-24,-1,-1,0,0
valoir,2,7,-5,-1,-1,0,0
terminer,2,4,-2,-1,-1,0,0
transformer,6,6,0,0,-1,1,0
Ã©largir,9,2,-7,-1,1,0,0
refuser,3,3,0,0,-1,0,0
recevoir,8,2,6,1,-1,0,0
dÃ©fendre,2,8,-6,-1,-1,0,0
enregistrer,8,4,-4,-1,1,0,0
prendre,2,2,0,0,-1,0,0
alimenter,5,2,-3,-1,1,0,0
reconnaÃ®tre,3,6,-3,-1,-1,0,0
reconnaÃ®tre,3,6,-3,-1,-1,0,0
battre,5,5,0,0,-1,0,0
Ã©pouser,4,3,-1,-1,1,0,0
subir,2,2,0,0,-1,0,0
quitter,2,3,1,1,1,0,0
rationaliser,11,2,9,1,-1,0,0
prendre,1,2,-1,-1,-1,0,0
manifester,2,6,-4,-1,-1,0,0
quitter,2,6,-4,-1,-1,0,0
rÃ©unir,6,2,4,1,-1,0,0
conseiller,3,4,-1,-1,-1,0,0
observer,2,3,-1,-1,-1,0,0
convaincre,2,2,0,0,-1,0,0
transfÃ©rer,5,3,-2,-1,1,0,0
occuper,4,14,-10,-1,-1,0,0
tuer,2,18,-16,-1,-1,0,0
avoir,2,13,-11,-1,-1,0,0
publier,6,4,-2,-1,1,0,0
faire,2,6,-4,-1,-1,0,0
avoir,7,17,-10,-1,-1,0,0
adapter,3,3,0,0,-1,0,0
avoir,10,2,-8,-1,1,0,0
remporter,6,2,4,1,-1,0,0
utiliser,7,3,4,1,-1,0,0
assurer,2,4,-2,-1,-1,0,0
porter,3,8,-5,-1,-1,0,0
lancer,2,16,-14,-1,-1,0,0
voir,24,2,-22,-1,1,0,0
mettre,5,3,-2,-1,1,0,0
effectuer,10,3,-7,-1,1,0,0
mettre,5,2,-3,-1,1,0,0
dÃ©couvrir,10,3,7,1,-1,0,0
renforcer,2,20,-18,-1,-1,0,0
rejoindre,2,4,-2,-1,-1,0,0
remettre,5,2,-3,-1,1,0,0
voir,5,2,-3,-1,1,0,0
convertir,3,2,1,1,-1,0,0
prendre,3,6,-3,-1,-1,0,0
mettre,2,2,0,0,1,0,0
donner,1,2,1,1,1,0,0
mettre,14,2,-12,-1,1,0,0
obtenir,5,2,3,1,-1,0,0
accompagner,3,3,0,0,-1,0,0
remporter,1,4,-3,-1,-1,0,0
compter,2,3,-1,-1,-1,0,0
demander,6,10,-4,-1,-1,0,0
occuper,3,2,1,1,-1,0,0
mettre,2,2,0,0,1,0,0
concÃ©der,12,9,3,1,-1,0,0
atteindre,2,2,0,0,-1,0,0
porter,2,13,-11,-1,-1,0,0
frÃ©quenter,1,6,-5,-1,-1,0,0
terrasser,13,3,10,1,-1,0,0
reconnaÃ®tre,10,6,-4,-1,1,0,0
quitter,1,2,-1,-1,-1,0,0
prÃ©senter,5,8,-3,-1,-1,0,0
remporter,6,2,-4,-1,1,0,0
recevoir,5,12,-7,-1,-1,0,0
prendre,6,2,-4,-1,1,0,0
mettre,8,2,-6,-1,1,0,0
commencer,4,3,1,1,-1,0,0
dÃ©poser,12,2,-10,-1,1,0,0
Ã©liminer,2,7,-5,-1,-1,0,0
expÃ©dier,2,6,-4,-1,-1,0,0
bÃ¢tir,2,41,-39,-1,-1,0,0
acheter,4,3,1,1,-1,0,0
barrer,2,6,-4,-1,-1,0,0
renforcer,2,12,-10,-1,-1,0,0
obtenir,11,3,-8,-1,1,0,0
publier,3,14,-11,-1,-1,0,0
rÃ©aliser,2,4,-2,-1,-1,0,0
refaire,7,2,5,1,-1,0,0
placer,5,4,1,1,-1,0,0
avoir,2,4,-2,-1,-1,0,0
mettre,22,2,-20,-1,1,0,0
confectionner,7,4,3,1,-1,0,0
refaire,2,3,-1,-1,-1,0,0
envoyer,5,3,2,1,-1,0,0
rÃ©tablir,11,4,7,1,-1,0,0
recevoir,2,2,0,0,-1,0,0
mettre,4,3,1,1,-1,0,0
suivre,14,2,-12,-1,1,-1,0
concevoir,3,7,-4,-1,-1,0,0
dÃ©passer,4,2,2,1,-1,0,0
garder,2,9,-7,-1,-1,0,0
avoir,2,7,-5,-1,-1,0,0
marquer,2,3,-1,-1,-1,0,0
poser,2,2,0,0,-1,0,0
avoir,3,4,-1,-1,-1,0,0
reprendre,14,3,-11,-1,1,0,0
gÃ©rer,3,3,0,0,-1,0,0
prendre,14,2,-12,-1,1,0,0
acheter,11,2,-9,-1,1,0,0
recevoir,6,3,-3,-1,1,0,0
dÃ©clarer,3,4,-1,-1,-1,0,0
mettre,19,2,-17,-1,1,0,0
regrouper,3,11,-8,-1,-1,0,0
enregistrer,7,5,2,1,-1,0,0
dÃ©couvrir,2,2,0,0,-1,0,0
mettre,3,2,1,1,-1,0,0
prendre,11,4,7,1,-1,0,0
mettre,28,2,-26,-1,1,0,0
avoir,46,6,-40,-1,1,0,0
avoir,2,2,0,0,1,-1,0
prendre,8,2,6,1,-1,0,0
accueillir,48,4,-44,-1,1,0,0
quitter,2,4,-2,-1,-1,0,0
intÃ©grer,3,3,0,0,-1,0,0
installer,11,6,5,1,-1,0,0
remporter,2,5,-3,-1,-1,0,0
mettre,13,2,-11,-1,1,0,0
rÃ©cupÃ©rer,2,17,-15,-1,-1,0,0
faire,14,2,-12,-1,1,-1,0
transformer,2,2,0,0,-1,0,0
prendre,18,15,3,1,-1,0,0
jouer,12,3,9,1,-1,0,0
ouvrir,2,3,-1,-1,-1,0,0
atteindre,5,4,1,1,-1,0,0
signifier,3,2,-1,-1,1,0,0
faire,3,4,-1,-1,-1,0,0
poursuivre,7,3,4,1,-1,0,0
rÃ©aliser,32,2,-30,-1,1,0,0
rÃ©citer,2,13,-11,-1,-1,0,0
vendre,6,4,2,1,-1,0,0
demander,5,2,-3,-1,1,0,0
viser,2,3,-1,-1,-1,0,0
possÃ©der,1,2,-1,-1,-1,0,0
fonder,12,2,10,1,-1,0,0
changer,2,2,0,0,-1,0,0
toucher,11,3,-8,-1,1,0,0
dÃ©fendre,9,9,0,0,-1,0,0
voir,13,2,-11,-1,1,0,0
faire,2,4,-2,-1,-1,0,0
breveter,8,21,-13,-1,-1,-1,0
fournir,13,5,-8,-1,1,0,0
avoir,2,3,-1,-1,-1,0,0
jouer,4,15,-11,-1,-1,0,0
rÃ©server,3,5,-2,-1,-1,0,0
mesurer,4,16,-12,-1,-1,0,0
interprÃ©ter,12,2,10,1,-1,-1,0
disposer,2,3,-1,-1,-1,0,0
diriger,8,2,-6,-1,1,0,0
raser,2,3,-1,-1,-1,0,0
proposer,6,13,7,1,1,0,0
laisser,3,4,-1,-1,-1,0,0
Ã©crire,2,3,-1,-1,-1,0,0
fournir,3,3,0,0,-1,0,0
exercer,2,9,-7,-1,-1,0,0
tenir,3,2,1,1,-1,0,0
prendre,1,6,-5,-1,-1,0,0
remporter,5,2,3,1,-1,0,0
connaÃ®tre,8,5,3,1,-1,0,0
mettre,2,2,0,0,1,0,0
accorder,5,4,1,1,-1,0,0
citer,2,6,-4,-1,-1,0,0
obtenir,2,2,0,0,-1,0,0
tenir,1,2,-1,-1,-1,0,0
solliciter,13,3,-10,-1,1,0,0
fonder,2,2,0,0,-1,0,0
mettre,12,2,-10,-1,1,0,0
rester,2,2,0,0,-1,1,0
prÃ©voir,5,3,2,1,-1,0,0
proposer,2,7,-5,-1,-1,0,0
remporter,2,2,0,0,-1,0,0
prendre,5,9,-4,-1,-1,0,0
subir,2,2,0,0,-1,0,0
valoir,16,2,-14,-1,1,0,0
mettre,6,2,-4,-1,1,0,0
gagner,4,4,0,0,-1,0,0
avoir,45,4,-41,-1,1,0,0
enseigner,3,5,-2,-1,-1,0,0
poursuivre,4,3,1,1,-1,0,0
retrouver,3,3,0,0,-1,0,0
corriger,2,2,0,0,1,0,0
dÃ©cliner,3,8,-5,-1,-1,0,0
couper,2,5,-3,-1,-1,0,0
avoir,3,5,-2,-1,-1,0,0
faire,2,2,0,0,-1,0,0
dÃ©buter,2,4,-2,-1,-1,0,0
reprendre,4,2,2,1,-1,0,0
prendre,2,4,-2,-1,-1,0,0
rencontrer,3,8,-5,-1,-1,0,0
empÃªcher,2,7,-5,-1,-1,0,0
faire,3,3,0,0,-1,0,0
assurer,2,4,-2,-1,-1,0,0
dÃ©buter,3,2,1,1,-1,0,0
passer,2,2,0,0,-1,0,0
lancer,4,5,-1,-1,-1,0,0
dÃ©couvrir,2,2,0,0,-1,0,0
terminer,4,3,1,1,-1,0,0
empÃªcher,2,3,-1,-1,-1,0,0
organiser,11,5,-6,-1,1,0,0
prolonger,6,3,3,1,-1,0,0
chanter,17,2,-15,-1,1,0,0
mettre,20,2,-18,-1,1,0,0
reprendre,3,6,-3,-1,-1,0,0
coordonner,7,2,-5,-1,1,-1,0
longer,2,5,-3,-1,-1,0,0
illustrer,3,15,-12,-1,-1,0,0
avoir,4,2,2,1,-1,0,0
retrouver,1,7,-6,-1,-1,-1,0
mettre,3,3,0,0,-1,0,0
promouvoir,1,2,-1,-1,-1,0,0
avoir,19,2,-17,-1,1,0,0
protÃ©ger,8,5,3,1,-1,0,0
laisser,1,17,-16,-1,-1,-1,0
opposer,2,10,8,1,1,0,0
faire,8,8,0,0,-1,0,0
avoir,1,2,-1,-1,-1,0,0
faire,6,4,2,1,-1,0,0
retrouver,11,2,-9,-1,1,0,0
exercer,5,7,-2,-1,-1,0,0
compter,3,2,1,1,-1,0,0
possÃ©der,11,4,-7,-1,1,0,0
tenir,2,18,-16,-1,-1,0,0
atteindre,2,3,1,1,1,0,0
positionner,4,4,0,0,-1,0,0
attaquer,2,4,-2,-1,-1,0,0
prÃ©senter,7,7,0,0,-1,0,0
atteindre,3,3,0,0,-1,0,0
passer,2,19,-17,-1,-1,0,0
porter,2,9,-7,-1,-1,1,0
composer,2,33,-31,-1,-1,0,0
avoir,8,2,-6,-1,1,0,0
mettre,2,2,0,0,-1,0,0
exiger,3,2,1,1,-1,0,0
rÃ©aliser,9,3,-6,-1,1,0,0
remplacer,3,2,1,1,-1,0,0
recenser,9,2,-7,-1,1,0,0
trouver,9,3,-6,-1,1,0,0
quitter,2,3,-1,-1,-1,0,0
donner,3,4,-1,-1,-1,0,0
prendre,5,2,-3,-1,1,0,0
remporter,5,2,3,1,-1,0,0
ouvrir,2,2,0,0,-1,0,0
prÃ©ciser,10,3,-7,-1,1,0,0
offrir,2,15,-13,-1,-1,0,0
porter,6,10,-4,-1,-1,0,0
devenir,3,3,0,0,-1,0,0
avoir,3,2,1,1,-1,0,0
utiliser,7,7,0,0,-1,0,0
affronter,8,6,2,1,-1,0,0
cultiver,2,4,-2,-1,-1,0,0
donner,3,4,-1,-1,-1,0,0
avoir,7,3,4,1,-1,0,0
avoir,4,3,1,1,-1,0,0
perdre,4,3,1,1,-1,0,0
devenir,13,6,-7,-1,1,0,0
reprendre,11,2,-9,-1,1,0,0
rÃ©Ã©diter,6,3,-3,-1,1,0,0
mettre,3,2,-1,-1,1,0,0
recevoir,2,16,-14,-1,-1,0,0
rendre,1,2,-1,-1,-1,0,0
donner,2,5,-3,-1,-1,0,0
remettre,2,4,-2,-1,-1,0,0
demander,2,3,-1,-1,-1,0,0
disputer,4,9,-5,-1,-1,0,0
proposer,10,7,3,1,-1,0,0
laisser,8,2,-6,-1,1,-1,0
perdre,3,2,1,1,-1,0,0
traduire,22,6,-16,-1,1,0,0
suivre,2,4,-2,-1,-1,0,0
avoir,16,2,-14,-1,1,0,0
provoquer,2,12,-10,-1,-1,0,0
distiller,4,3,1,1,-1,0,0
possÃ©der,3,8,-5,-1,-1,0,0
envoyer,2,2,0,0,-1,0,0
accompagner,11,2,9,1,-1,0,0
porter,3,3,0,0,-1,0,0
obtenir,7,2,5,1,-1,0,0
dÃ©fier,4,3,-1,-1,1,0,0
rÃ©partir,2,3,-1,-1,-1,0,0
mettre,7,2,-5,-1,1,0,0
restaurer,5,2,-3,-1,1,0,0
offrir,3,3,0,0,-1,0,0
garder,5,2,-3,-1,1,-1,0
construire,2,3,-1,-1,-1,0,0
exercer,2,4,-2,-1,-1,0,0
quitter,2,2,0,0,-1,0,0
regarder,4,14,-10,-1,-1,0,0
poser,2,3,-1,-1,-1,0,0
avoir,4,2,-2,-1,1,-1,0
publier,2,5,-3,-1,-1,0,0
passer,2,2,0,0,-1,0,0
utiliser,2,2,0,0,-1,0,0
prendre,2,3,-1,-1,-1,0,0
capturer,2,3,-1,-1,-1,0,0
provoquer,13,3,-10,-1,1,0,0
effectuer,3,2,1,1,-1,0,0
financer,22,3,-19,-1,1,0,0
rectifier,2,18,-16,-1,-1,0,0
avoir,2,12,-10,-1,-1,0,0
faire,2,2,0,0,-1,0,0
concerner,2,2,0,0,-1,0,0
changer,1,2,-1,-1,-1,0,0
remettre,8,2,-6,-1,1,0,0
prendre,4,2,2,1,-1,0,0
frÃ©quenter,3,3,0,0,-1,0,0
maudire,1,15,-14,-1,-1,0,0
avoir,1,3,-2,-1,-1,0,0
disputer,2,4,-2,-1,-1,0,0
attirer,4,2,2,1,-1,0,0
regrouper,8,12,-4,-1,-1,0,0
voir,1,3,-2,-1,-1,0,0
blÃ¢mer,1,6,-5,-1,-1,0,0
dÃ©truire,4,3,1,1,-1,0,0
dÃ©cerner,9,2,-7,-1,1,0,0
prÃ©lever,12,3,-9,-1,1,0,0
porter,1,6,-5,-1,-1,0,0
mettre,23,2,-21,-1,1,0,0
tenter,2,2,0,0,-1,0,0
mener,2,29,-27,-1,-1,0,0
entamer,5,3,2,1,-1,0,0
enregistrer,3,5,2,1,1,0,0
donner,31,2,-29,-1,1,0,0
avoir,2,12,-10,-1,-1,1,0
fournir,3,4,-1,-1,-1,0,0
faire,2,3,-1,-1,-1,0,0
utiliser,2,10,-8,-1,-1,0,0
prendre,10,2,-8,-1,1,0,0
tourner,7,12,-5,-1,-1,0,0
reprÃ©senter,2,8,-6,-1,-1,0,0
faire,3,2,1,1,-1,0,0
mettre,5,2,-3,-1,1,0,0
lire,2,4,-2,-1,-1,0,0
enrichir,9,8,1,1,-1,0,0
qualifier,2,5,-3,-1,-1,0,0
dÃ©voiler,10,5,5,1,-1,0,0
mettre,8,2,-6,-1,1,0,0
avoir,3,38,-35,-1,-1,0,0
utiliser,2,4,-2,-1,-1,0,0
remporter,9,8,1,1,-1,0,0
faire,3,3,0,0,-1,0,0
dÃ©placer,7,6,1,1,-1,0,0
continuer,2,13,-11,-1,-1,0,0
fonder,27,2,-25,-1,1,0,0
quitter,5,2,3,1,-1,0,0
rÃ©aliser,2,8,-6,-1,-1,0,0
porter,2,7,-5,-1,-1,0,0
perdre,2,3,-1,-1,-1,0,0
mettre,9,2,-7,-1,1,0,0
atteindre,3,6,-3,-1,-1,0,0
placer,2,7,-5,-1,-1,0,0
laisser,5,2,-3,-1,1,0,0
mener,2,3,-1,-1,-1,0,0
reconnaÃ®tre,2,2,0,0,1,0,0
effectuer,8,2,6,1,-1,0,0
faire,1,16,-15,-1,-1,0,0
prÃ©senter,7,3,4,1,-1,0,0
faire,2,3,-1,-1,-1,0,0
faire,3,3,0,0,-1,0,0
avoir,8,7,1,1,-1,0,0
retourner,2,3,-1,-1,-1,0,0
favoriser,2,3,1,1,1,0,0
donner,3,3,0,0,-1,0,0
constater,2,6,-4,-1,-1,0,0
recevoir,2,2,0,0,-1,0,0
pardonner,5,4,1,1,-1,0,0
ajouter,4,5,-1,-1,-1,1,0
gagner,6,2,4,1,-1,0,0
faire,2,3,-1,-1,-1,0,0
invoquer,7,3,-4,-1,1,0,0
avoir,2,13,-11,-1,-1,0,0
porter,12,3,-9,-1,1,0,0
afficher,8,9,1,1,1,0,0
relÃ¢cher,2,3,-1,-1,-1,0,0
savoir,2,7,-5,-1,-1,0,0
payer,3,7,-4,-1,-1,0,0
pourvoir,3,2,-1,-1,1,0,0
Ã©liminer,2,7,-5,-1,-1,0,0
Ã©crire,5,2,-3,-1,1,0,0
reconnaÃ®tre,4,2,2,1,-1,0,0
dÃ©poser,8,3,-5,-1,1,0,0
continuer,2,4,-2,-1,-1,0,0
reprendre,3,2,1,1,-1,0,0
former,12,4,-8,-1,1,0,0
atteindre,2,3,-1,-1,-1,0,0
prendre,2,2,0,0,-1,0,0
lancer,3,2,1,1,-1,0,0
quitter,5,4,1,1,-1,0,0
perpÃ©trer,4,4,0,0,-1,0,0
traverser,2,9,-7,-1,-1,0,0
ramener,3,2,-1,-1,1,-1,0
remporter,3,2,1,1,-1,0,0
compenser,11,4,-7,-1,1,0,0
voler,2,4,-2,-1,-1,0,0
passer,4,22,-18,-1,-1,0,0
avoir,3,7,-4,-1,-1,0,0
remixer,7,11,-4,-1,-1,0,0
contenir,8,10,-2,-1,-1,0,0
demander,2,3,-1,-1,-1,0,0
signer,2,12,-10,-1,-1,0,0
reprÃ©senter,2,2,0,0,-1,0,0
voir,3,2,-1,-1,1,-1,0
utiliser,14,2,-12,-1,1,0,0
demander,3,4,-1,-1,-1,0,0
mettre,5,2,-3,-1,1,0,0
faire,2,5,-3,-1,-1,0,0
allÃ©ger,2,6,-4,-1,-1,0,0
vendre,2,2,0,0,-1,0,0
rÃ©clamer,4,13,-9,-1,-1,0,0
concerner,9,10,-1,-1,-1,0,0
faire,1,6,-5,-1,-1,0,0
ramener,1,2,-1,-1,-1,0,0
pÃ©nÃ©trer,5,7,-2,-1,-1,0,0
garder,5,3,2,1,-1,0,0
compter,32,2,-30,-1,1,0,0
devenir,8,5,3,1,-1,0,0
avoir,14,2,-12,-1,1,-1,0
donner,2,13,-11,-1,-1,0,0
classer,3,2,1,1,-1,0,0
escorter,4,2,2,1,-1,0,0
rejoindre,7,9,-2,-1,-1,0,0
mener,2,9,-7,-1,-1,0,0
publier,9,2,-7,-1,1,0,0
mesurer,2,3,-1,-1,-1,0,0
aborder,34,2,-32,-1,1,0,0
voir,2,3,-1,-1,-1,0,0
porter,2,12,-10,-1,-1,0,0
interpeller,3,13,-10,-1,-1,0,0
engager,3,5,-2,-1,-1,0,0
prÃªter,1,10,-9,-1,-1,0,0
rÃ©diger,3,8,5,1,1,0,0
accepter,4,5,-1,-1,-1,0,0
permettre,4,2,2,1,-1,0,0
avoir,3,6,-3,-1,-1,0,0
Ã©lire,12,6,6,1,-1,0,0
lancer,4,7,-3,-1,-1,0,0
rejoindre,3,13,-10,-1,-1,0,0
prendre,7,2,-5,-1,1,0,0
neutraliser,4,16,-12,-1,-1,0,0
Ã©changer,7,7,0,0,-1,0,0
reprendre,2,3,-1,-1,-1,0,0
critiquer,6,4,2,1,-1,0,0
assassiner,4,2,2,1,-1,1,0
amÃ©nager,3,6,-3,-1,-1,0,0
envoyer,17,3,-14,-1,1,0,0
contrÃ´ler,3,6,-3,-1,-1,0,0
Ã©pouser,10,2,-8,-1,1,0,0
relier,3,5,-2,-1,-1,0,0
Ã©tablir,2,3,-1,-1,-1,0,0
soutenir,1,2,-1,-1,-1,0,0
Ã©galer,4,4,0,0,-1,0,0
faire,5,2,3,1,-1,0,0
transfÃ©rer,3,6,-3,-1,-1,0,0
envoyer,2,2,0,0,-1,0,0
Ã©tablir,2,11,-9,-1,-1,0,0
utiliser,2,9,-7,-1,-1,0,0
rÃ©server,2,2,0,0,-1,0,0
informer,4,11,-7,-1,-1,0,0
faire,3,4,-1,-1,-1,0,0
passer,1,2,-1,-1,-1,0,0
interprÃ©ter,9,2,7,1,-1,0,0
recevoir,4,21,-17,-1,-1,0,0
sauver,5,4,1,1,-1,0,0
Ã©vader,1,41,-40,-1,-1,-1,0
accompagner,4,8,-4,-1,-1,0,0
avoir,1,15,-14,-1,-1,0,0
placer,2,3,-1,-1,-1,0,0
observer,9,2,7,1,-1,1,0
acheter,2,2,0,0,-1,0,0
gagner,3,2,1,1,-1,0,0
remporter,2,4,2,1,1,0,0
recevoir,7,2,5,1,-1,0,0
planter,4,2,2,1,-1,-1,0
crÃ©er,7,2,-5,-1,1,0,0
entraÃ®ner,5,11,-6,-1,-1,0,0
avoir,2,4,-2,-1,-1,0,0
rÃ©interprÃ©ter,7,12,-5,-1,-1,0,0
prendre,3,4,-1,-1,-1,0,0
introduire,4,7,-3,-1,-1,0,0
offrir,5,23,-18,-1,-1,0,0
plaquer,2,3,-1,-1,-1,0,0
mettre,5,2,3,1,-1,0,0
prÃ©senter,5,6,-1,-1,-1,0,0
mettre,7,2,-5,-1,1,0,0
Ã©tablir,6,6,0,0,-1,0,0
influencer,6,20,-14,-1,-1,0,0
mettre,17,2,-15,-1,1,0,0
amÃ©liorer,2,12,-10,-1,-1,0,0
exercer,3,11,-8,-1,-1,0,0
retrouver,3,3,0,0,-1,0,0
compter,8,3,-5,-1,1,0,0
recruter,3,2,1,1,-1,0,0
totaliser,3,4,-1,-1,-1,0,0
crÃ©er,11,2,-9,-1,1,0,0
lancer,2,3,-1,-1,-1,0,0
avoir,17,2,-15,-1,1,0,0
entendre,2,3,-1,-1,-1,0,0
opposer,5,2,-3,-1,1,0,0
reprÃ©senter,2,5,-3,-1,-1,0,0
gagner,4,5,-1,-1,-1,0,0
prÃ©senter,10,3,-7,-1,1,0,0
voir,2,2,0,0,-1,0,0
jouer,7,6,1,1,-1,0,0
empÃªcher,5,3,2,1,-1,0,0
procurer,2,4,-2,-1,-1,0,0
avoir,1,2,-1,-1,-1,0,0
dater,2,11,-9,-1,-1,0,0
atteindre,4,2,2,1,-1,0,0
frÃ©quenter,1,5,-4,-1,-1,0,0
faire,1,6,-5,-1,-1,0,0
avoir,5,2,3,1,-1,0,0
discerner,8,4,-4,-1,1,0,0
remettre,9,2,-7,-1,1,0,0
avoir,3,6,3,1,1,0,0
vivre,2,2,0,0,-1,0,0
inscrire,2,3,-1,-1,-1,0,0
avoir,3,3,0,0,1,0,0
instruire,2,18,-16,-1,-1,0,0
Ã©pouser,16,3,-13,-1,1,0,0
battre,5,5,0,0,-1,0,0
porter,2,11,-9,-1,-1,0,0
faire,1,4,-3,-1,-1,0,0
assurer,4,5,-1,-1,-1,0,0
avoir,5,2,-3,-1,1,0,0
regrouper,10,2,-8,-1,1,0,0
dÃ©couvrir,4,29,-25,-1,-1,0,0
prendre,3,14,-11,-1,-1,0,0
obtenir,15,2,13,1,-1,0,0
avoir,5,3,2,1,-1,0,0
prendre,1,7,-6,-1,-1,0,0
concerner,4,2,-2,-1,1,0,0
avoir,3,6,-3,-1,-1,0,0
remporter,4,2,2,1,-1,0,0
dÃ©tenir,3,3,0,0,-1,0,0
conserver,3,3,0,0,-1,0,0
manifester,3,6,-3,-1,-1,0,0
commencer,3,2,1,1,-1,0,0
prendre,5,2,3,1,-1,0,0
remettre,2,2,0,0,1,0,0
raccourcir,2,3,-1,-1,-1,0,0
avoir,6,2,-4,-1,1,0,0
rÃ©aliser,6,2,4,1,-1,0,0
effectuer,9,6,-3,-1,1,0,0
lancer,11,7,4,1,-1,0,0
recevoir,3,3,0,0,-1,0,0
blanchir,3,12,-9,-1,-1,0,0
causer,3,3,0,0,-1,0,0
battre,11,5,6,1,-1,0,0
possÃ©der,8,2,-6,-1,1,0,0
annuler,4,7,-3,-1,-1,0,0
remporter,3,8,-5,-1,-1,0,0
intÃ©grer,21,2,-19,-1,1,0,0
interdire,5,2,3,1,-1,0,0
accueillir,2,3,-1,-1,-1,0,0
demander,2,10,-8,-1,-1,0,0
mettre,32,2,-30,-1,1,0,0
mettre,2,2,0,0,1,0,0
tourner,2,3,-1,-1,-1,0,0
accepter,2,6,-4,-1,-1,0,0
mettre,28,2,-26,-1,1,0,0
constituer,2,7,-5,-1,-1,0,0
avoir,9,2,-7,-1,1,0,0
porter,4,5,-1,-1,-1,-1,0
quitter,5,2,3,1,-1,0,0
partager,8,8,0,0,-1,0,0
couper,2,2,0,0,-1,0,0
renverser,2,2,0,0,-1,1,0
demander,2,2,0,0,-1,0,0
remporter,5,9,-4,-1,-1,0,0
Ã©mettre,15,4,-11,-1,1,0,0
crÃ©er,19,2,-17,-1,1,0,0
annoncer,4,4,0,0,-1,0,0
fixer,7,4,-3,-1,1,0,0
concevoir,15,2,-13,-1,1,0,0
apporter,5,6,-1,-1,-1,0,0
mettre,10,2,-8,-1,1,0,0
atteindre,4,3,1,1,-1,0,0
rassembler,2,4,-2,-1,-1,0,0
soumettre,5,11,-6,-1,-1,0,0
attirer,2,9,-7,-1,-1,0,0
avoir,2,6,-4,-1,-1,0,0
avoir,6,2,-4,-1,1,0,0
animer,4,3,1,1,-1,0,0
mettre,25,2,-23,-1,1,0,0
compter,2,2,0,0,-1,0,0
avoir,2,4,-2,-1,-1,0,0
prÃ©parer,3,2,1,1,-1,0,0
avoir,1,21,-20,-1,-1,0,0
entamer,23,2,-21,-1,1,0,0
marquer,2,2,0,0,-1,0,0
quitter,2,2,0,0,-1,0,0
obtenir,14,3,-11,-1,1,0,0
prÃ©server,7,3,-4,-1,1,0,0
annoncer,3,2,1,1,-1,0,0
gagner,6,4,2,1,-1,0,0
remettre,2,2,0,0,1,0,0
prendre,2,10,-8,-1,-1,0,0
autoriser,7,4,-3,-1,1,0,0
remporter,3,3,0,0,-1,0,0
emmener,2,5,-3,-1,-1,-1,0
quitter,2,5,-3,-1,-1,0,0
cÃ©lÃ©brer,3,3,0,0,-1,0,0
rÃ©parer,2,2,0,0,-1,0,0
former,4,20,-16,-1,-1,0,0
prendre,11,2,-9,-1,1,0,0
mettre,5,3,-2,-1,1,0,0
abriter,2,21,-19,-1,-1,0,0
acquÃ©rir,3,23,-20,-1,-1,0,0
mettre,1,3,-2,-1,-1,0,0
compter,4,3,1,1,-1,0,0
battre,4,11,-7,-1,-1,0,0
transformer,2,7,-5,-1,-1,0,0
marquer,4,10,-6,-1,-1,0,0
placer,2,10,-8,-1,-1,0,0
signer,5,5,0,0,-1,0,0
recevoir,4,2,2,1,-1,0,0
rechercher,2,7,-5,-1,-1,0,0
avoir,2,2,0,0,-1,0,0
traduire,4,2,-2,-1,1,0,0
publier,4,23,-19,-1,-1,0,0
faire,1,13,-12,-1,-1,0,0
dÃ©buter,2,3,-1,-1,-1,0,0
perdre,5,9,-4,-1,-1,0,0
donner,20,3,-17,-1,1,0,0
annoncer,2,2,0,0,-1,0,0
devenir,4,3,1,1,-1,0,0
mettre,21,2,-19,-1,1,0,0
faire,2,4,-2,-1,-1,0,0
trouver,1,3,-2,-1,-1,0,0
produire,10,3,-7,-1,1,0,0
fournir,1,3,-2,-1,-1,0,0
occuper,2,4,-2,-1,-1,0,0
rapprocher,3,4,-1,-1,-1,0,0
offrir,2,3,-1,-1,-1,0,0
permettre,3,6,-3,-1,-1,0,0
subir,3,5,-2,-1,-1,0,0
obtenir,9,2,7,1,-1,0,0
dÃ©clencher,2,4,-2,-1,-1,0,0
mettre,5,2,-3,-1,1,0,0
atteindre,5,2,3,1,-1,0,0
mettre,7,3,-4,-1,1,0,0
trouver,2,4,-2,-1,-1,0,0
Ã©tendre,4,3,1,1,-1,0,0
faire,2,2,0,0,-1,0,0
voir,8,6,2,1,-1,0,0
illustrer,10,2,8,1,-1,1,0
compromettre,2,2,0,0,-1,0,0
donner,2,3,-1,-1,-1,0,0
acheter,2,2,0,0,-1,0,0
augmenter,5,5,0,0,-1,0,0
remporter,3,8,-5,-1,-1,1,0
mettre,10,2,-8,-1,1,0,0
organiser,3,2,1,1,-1,0,0
assumer,12,5,-7,-1,1,0,0
avoir,7,6,1,1,-1,0,0
acheter,2,2,0,0,-1,1,0
lancer,2,2,0,0,-1,0,0
falloir,5,17,-12,-1,-1,0,0
gagner,7,2,-5,-1,1,-1,0
lancer,6,12,-6,-1,-1,0,0
couper,2,6,-4,-1,-1,0,0
dÃ©buter,3,2,1,1,-1,0,0
prendre,2,5,-3,-1,-1,0,0
Ã©changer,7,4,3,1,-1,0,0
contrÃ´ler,2,12,-10,-1,-1,0,0
rÃ©ussir,2,3,-1,-1,-1,0,0
totaliser,4,8,-4,-1,-1,0,0
compter,2,2,0,0,-1,0,0
retirer,3,6,-3,-1,-1,0,0
avoir,2,2,0,0,-1,0,0
rester,2,6,-4,-1,-1,0,0
atteindre,2,13,-11,-1,-1,0,0
recevoir,3,2,1,1,-1,0,0
traverser,3,3,0,0,-1,0,0
connaÃ®tre,5,2,3,1,-1,0,0
rÃ©aliser,4,3,1,1,-1,0,0
acquÃ©rir,4,6,2,1,1,0,0
prendre,11,2,-9,-1,1,0,0
dÃ©couvrir,17,2,-15,-1,1,0,0
avoir,19,2,-17,-1,1,0,0
avoir,1,2,-1,-1,-1,0,0
franchir,3,7,4,1,1,0,0
atteindre,3,3,0,0,-1,0,0
possÃ©der,9,2,-7,-1,1,0,0
crÃ©er,2,2,0,0,1,0,0
acquÃ©rir,2,25,-23,-1,-1,0,0
Ã©crire,2,7,-5,-1,-1,0,0
laisser,8,2,-6,-1,1,-1,0
avoir,1,8,-7,-1,-1,0,0
faire,7,5,2,1,-1,0,0
exproprier,5,5,0,0,-1,0,0
remporter,2,5,-3,-1,-1,0,0
avoir,5,2,-3,-1,1,0,0
effectuer,2,9,-7,-1,-1,0,0
proposer,13,3,-10,-1,1,0,0
fournir,8,5,3,1,-1,0,0
proposer,7,4,-3,-1,1,0,0
proposer,7,7,0,0,-1,0,0
accorder,14,3,-11,-1,1,0,0
exercer,3,6,3,1,1,0,0
incorporer,2,7,-5,-1,-1,0,0
communiquer,2,3,1,1,1,0,0
soumettre,4,7,-3,-1,-1,0,0
retirer,6,5,-1,-1,1,0,0
retirer,6,5,-1,-1,1,0,0
soumettre,3,7,-4,-1,-1,0,0
identifier,4,26,-22,-1,-1,0,0
conserver,2,34,-32,-1,-1,0,0
rÃ©server,17,3,-14,-1,1,0,0
exploiter,2,5,-3,-1,-1,0,0
proposer,30,3,-27,-1,1,0,0
utiliser,11,8,3,1,-1,0,0
observer,4,20,-16,-1,-1,0,0
Ã©crire,2,7,-5,-1,-1,0,0
mettre,2,5,-3,-1,-1,0,0
demander,2,11,-9,-1,-1,0,0
avancer,5,12,-7,-1,-1,1,0
attirer,2,10,-8,-1,-1,0,0
accuser,2,6,-4,-1,-1,0,0
communiquer,10,3,-7,-1,1,0,0
faire,4,11,-7,-1,-1,0,0
avoir,2,4,-2,-1,-1,0,0
soumettre,2,6,-4,-1,-1,0,0
renouveler,2,8,-6,-1,-1,0,0
envoyer,2,3,-1,-1,-1,0,0
rÃ©itÃ©rÃ©,2,5,-3,-1,-1,0,0
voter,6,3,-3,-1,1,0,0
refuser,14,3,-11,-1,1,0,0
entendre,8,2,-6,-1,1,0,0
concerner,2,9,-7,-1,-1,0,0
remercier,2,13,-11,-1,-1,0,0
fournir,4,6,-2,-1,-1,0,0
provoquent,59,8,-51,-1,1,0,0
prendre,5,4,-1,-1,1,0,0
imposer,19,4,-15,-1,1,0,0
accablÃ©,7,7,0,0,-1,0,0
augmenter,5,3,-2,-1,1,0,0
faire,1,7,-6,-1,-1,0,0
remercier,2,12,-10,-1,-1,0,0
remercier,2,9,-7,-1,-1,0,0
conclure,3,6,-3,-1,-1,0,0
accorder,2,18,-16,-1,-1,0,0
prÃ©senter,5,4,1,1,-1,0,0
engendrer,5,13,-8,-1,-1,0,0
fÃ©liciter,3,20,-17,-1,-1,0,0
accorder,4,19,-15,-1,-1,0,0
fÃ©liciter,4,22,-18,-1,-1,0,0
mettre,11,2,-9,-1,1,0,0
rÃ©itÃ©rer,2,12,-10,-1,-1,0,0
modifier,6,28,-22,-1,-1,0,0
rÃ©gler,2,40,-38,-1,-1,1,0
prendre,15,2,-13,-1,1,0,0
imprimer,3,3,0,0,-1,0,0
rÃ©aliser,19,4,-15,-1,1,0,0
accÃ©lÃ©rer,2,3,1,1,1,0,0
voir,5,15,-10,-1,-1,0,0
voir,2,6,-4,-1,-1,0,0
apporter,4,12,-8,-1,-1,0,0
doter,2,4,-2,-1,-1,0,0
tenir,1,57,-56,-1,-1,0,0
implanter,6,30,-24,-1,-1,0,0
attirer,2,8,-6,-1,-1,0,0
attacher,4,20,-16,-1,-1,0,0
attirer,2,38,-36,-1,-1,0,0
avoir,1,39,-38,-1,-1,0,0
mettre,4,2,-2,-1,1,0,0
soutenir,8,11,-3,-1,-1,0,0
envisager,3,7,-4,-1,-1,0,0
donner,6,15,-9,-1,-1,0,0
maintenir,2,4,-2,-1,-1,0,0
trouver,2,6,-4,-1,-1,0,0
avoir,3,3,0,0,-1,0,0
constituer,2,11,-9,-1,-1,0,0
avoir,1,5,-4,-1,-1,0,0
prendre,46,2,-44,-1,1,0,0
remercier,3,7,-4,-1,-1,0,0
trouver,4,33,-29,-1,-1,0,0
faire,1,13,-12,-1,-1,0,0
souligner,23,55,-32,-1,-1,0,0
unir,2,6,-4,-1,-1,1,0
rappeler,14,5,-9,-1,1,0,0
attirer,2,8,-6,-1,-1,0,0
identifier,7,7,0,0,-1,0,0
avoir,3,24,-21,-1,-1,0,0
mettere,2,30,-28,-1,-1,0,0
laisser,3,4,-1,-1,-1,0,0
mener,3,7,-4,-1,-1,0,0
prendre,6,3,-3,-1,1,0,0
compter,5,7,-2,-1,-1,0,0
revitaliser,2,6,-4,-1,-1,0,0
mettre,3,2,-1,-1,1,0,0
souligner,36,2,-34,-1,1,0,0
prÃ©voir,3,3,0,0,-1,0,0
donner,6,3,-3,-1,1,0,0
prendre,2,2,0,0,-1,0,0
avoir,3,8,-5,-1,-1,0,0
renforcer,5,4,1,1,-1,0,0
accompagner,16,4,12,1,-1,0,0
redonner,2,3,-1,-1,-1,0,0
avoir,1,16,-15,-1,-1,0,0
acheter,2,6,-4,-1,-1,0,0
partager,3,5,-2,-1,-1,0,0
recevoir,7,6,1,1,-1,0,0
envoyer,2,3,-1,-1,-1,0,0
ajouter,3,5,-2,-1,-1,0,0
saisir,8,9,-1,-1,-1,0,0
ajouter,4,3,1,1,-1,0,0
suivre,2,2,0,0,-1,0,0
ajouter,4,3,1,1,-1,0,0
divulguer,4,2,2,1,-1,0,0
mettre,5,2,-3,-1,1,0,0
choisir,2,7,-5,-1,-1,0,0
bÃ¢tisser,2,4,-2,-1,-1,0,0
faire,1,7,-6,-1,-1,0,0
gÃ©rer,5,14,-9,-1,-1,0,0
recevoir,14,5,9,1,-1,1,0
obtenir,5,5,0,0,-1,0,0
limiter,2,4,-2,-1,-1,0,0
permettre,5,6,1,1,1,0,0
rÃ©server,4,7,-3,-1,-1,0,0
avoir,4,3,1,1,-1,0,0
Ã©tablir,3,18,-15,-1,-1,0,0
tenir,1,37,-36,-1,-1,0,0
informer,2,14,-12,-1,-1,0,0
faciliter,3,6,-3,-1,-1,0,0
tenir,1,7,-6,-1,-1,0,0
rÃ©duire,5,3,-2,-1,1,0,0
accorder,3,22,-19,-1,-1,0,0
mettre,12,2,-10,-1,1,0,0
Ã©valuer,5,7,-2,-1,-1,0,0
diminuer,7,4,3,1,-1,0,0
accorder,3,73,-70,-1,-1,0,0
exploiter,10,3,-7,-1,1,0,0
effectuer,9,6,3,1,-1,0,0
concerner,5,8,-3,-1,-1,0,0
attester,2,4,-2,-1,-1,0,0
aider,2,16,-14,-1,-1,0,0
guider,2,20,-18,-1,-1,0,0
amÃ©liorer,2,8,-6,-1,-1,0,0
Ã©tablir,9,4,5,1,-1,0,0
prÃ©parer,2,5,-3,-1,-1,0,0
Ã©largissant,47,6,-41,-1,1,0,0
fixer,9,3,6,1,-1,0,0
mener,31,2,-29,-1,1,0,0
exposÃ©,10,6,-4,-1,1,0,0
jouer,3,3,0,0,-1,0,0
mettre,5,2,-3,-1,1,0,0
rÃ©aliser,2,7,-5,-1,-1,0,0
mettre,2,4,-2,-1,-1,0,0
Ã©liminer,2,4,-2,-1,-1,0,0
prendre,1,3,-2,-1,-1,0,0
encourager,17,2,-15,-1,1,0,0
rassembler,10,11,-1,-1,-1,0,0
remplacÃ©,11,4,-7,-1,1,0,0
assistÃ©,8,12,-4,-1,-1,0,0
appliquer,2,4,-2,-1,-1,0,0
avoir,1,10,-9,-1,-1,0,0
Ã©tendre,2,22,-20,-1,-1,0,0
adopter,2,3,-1,-1,-1,0,0
proclamer,32,2,-30,-1,1,0,0
instaurer,5,5,0,0,-1,0,0
assurer,16,9,-7,-1,1,0,0
proclamer,10,90,-80,-1,-1,0,0
avoir,1,20,-19,-1,-1,0,0
avoir,1,27,-26,-1,-1,0,0
choisir,2,6,-4,-1,-1,0,0
avoir,1,10,-9,-1,-1,0,0
avoir,1,10,-9,-1,-1,0,0
avoir,1,8,-7,-1,-1,0,0
avoir,1,9,-8,-1,-1,0,0
avoir,1,4,-3,-1,-1,0,0
avoir,1,25,-24,-1,-1,0,0
fonder,2,3,1,1,1,-1,0
avoir,1,25,-24,-1,-1,0,0
avoir,1,35,-34,-1,-1,0,0
assurer,9,18,-9,-1,-1,0,0
avoir,1,8,-7,-1,-1,0,0
avoir,1,3,-2,-1,-1,0,0
avoir,13,2,-11,-1,1,0,0
avoir,1,22,-21,-1,-1,0,0
avoir,1,31,-30,-1,-1,1,0
impliquer,27,8,-19,-1,1,0,0
Ã©mettre,5,7,-2,-1,-1,0,0
absorber,2,3,-1,-1,-1,0,0
avoir,4,3,1,1,-1,0,0
introduire,5,2,3,1,-1,0,0
