Verb,NP_len,PP_len,Len_diff,Len,Arg_status,Pronominality,Order
sette,1,2,1,1,1,1,1
føre,4,2,-2,-1,1,0,1
beholde,2,2,0,0,1,0,1
få,2,2,0,0,1,0,1
savne,2,6,4,1,1,0,1
få,6,2,-4,-1,1,0,1
konsentrere,1,4,3,1,1,1,1
få,5,7,2,1,1,0,1
lede,1,4,3,1,1,0,1
forberede,1,2,1,1,1,1,1
overta,1,2,1,1,1,0,1
lede,1,2,1,1,1,0,1
ha,1,4,3,1,1,0,1
si,3,5,2,1,1,0,1
be,2,2,0,0,1,0,1
søke,1,2,1,1,1,0,1
bane,1,3,2,1,1,0,1
foretrekke,8,4,-4,-1,1,0,1
overlate,2,3,1,1,1,0,1
sette,2,5,3,1,1,0,1
gi,2,5,3,1,1,0,1
ha,1,2,1,1,1,0,1
ha,5,3,-2,-1,1,0,1
ta,1,4,3,1,1,0,1
få,2,2,0,0,1,0,1
gjøre,1,13,12,1,1,1,1
gjøre,3,3,0,0,1,0,1
sette,1,6,5,1,1,1,1
sette,2,2,0,0,1,0,1
tenke,1,3,2,1,1,1,1
holde,2,3,1,1,1,0,1
føde,2,2,0,0,1,0,1
fylle,2,10,8,1,1,0,1
ta,1,3,2,1,1,0,1
vende,1,3,2,1,1,1,1
dele,2,11,9,1,1,0,1
samle,1,3,2,1,1,1,1
åpne,1,2,1,1,1,0,1
fremføre,4,6,2,1,1,0,1
lede,2,5,3,1,1,0,1
gjeste,2,2,0,0,1,0,1
få,1,3,2,1,1,0,1
ha,1,2,1,1,1,0,1
nå,3,9,6,1,1,0,1
ha,1,2,1,1,1,0,1
få,1,2,1,1,1,0,1
lese,1,2,1,1,1,0,1
forbedre,1,2,1,1,1,1,1
få,4,6,2,1,1,0,1
senke,2,10,8,1,1,0,1
svømme,1,4,3,1,1,0,1
sette,2,4,2,1,1,0,1
lage,1,2,-1,-1,-1,-1,1
få,2,3,1,1,1,0,1
ha,1,4,3,1,1,0,1
ha,7,2,5,1,-1,0,1
følge,1,3,2,1,1,0,1
få,1,2,1,1,1,0,1
ha,2,2,0,0,1,0,1
forberede,1,3,2,1,1,1,1
forberede,1,5,4,1,1,1,1
plante,2,4,2,1,1,0,1
besøke,1,2,1,1,1,0,1
se,1,6,5,1,1,0,1
lagre,1,2,1,1,1,0,1
ta,1,14,13,1,1,0,1
ta,1,2,1,1,1,0,1
ha,2,3,1,1,1,0,1
få,2,2,0,0,1,0,1
drepe,2,2,0,0,1,0,1
ta,1,2,-1,-1,-1,0,1
ta,1,3,2,1,1,0,1
stikke,1,2,1,1,1,1,1
gi,1,2,1,1,1,0,1
gi,1,4,3,1,1,0,1
utgjøre,3,5,2,1,1,0,1
utgjøre,3,6,3,1,1,0,1
stave,1,4,3,1,1,0,1
gratulere,3,9,6,1,1,0,1
høre,1,18,17,1,1,0,1
sende,2,4,2,1,1,0,1
gratulere,4,4,0,0,1,0,1
sende,3,7,4,1,1,0,1
forberede,1,5,4,1,1,1,1
gjemme,1,2,1,1,1,0,1
stille,1,4,3,1,1,1,1
ta,2,4,2,1,1,0,1
forlenge,1,3,2,1,1,0,1
drive,1,6,5,1,1,0,1
ta,1,2,1,1,1,0,1
få,1,2,-1,-1,-1,1,1
kaste,1,2,1,1,1,0,1
møte,1,3,2,1,1,0,1
ta,2,2,0,0,1,0,1
slå,1,2,1,1,1,0,1
ergre,1,3,2,1,1,1,1
ankomme,1,4,3,1,1,0,1
offentliggjøre,2,2,0,0,1,0,1
velge,4,4,0,0,1,0,1
ta,6,7,-1,-1,-1,0,1
skyte,1,4,3,1,1,0,1
skrive,6,7,1,1,1,0,1
ankomme,1,4,3,1,1,0,1
ha,2,4,2,1,1,0,1
trappe,1,2,1,1,1,0,1
besøke,1,4,3,1,1,0,1
holde,1,2,1,1,1,1,1
begeistre,3,8,5,1,1,0,1
ha,3,4,1,1,1,0,1
ringe,1,3,2,1,1,1,1
gjøre,4,4,0,0,1,0,1
forberede,1,7,6,1,1,0,1
oppdage,3,3,0,0,1,0,1
oppleve,2,5,3,1,1,0,1
snu,1,2,1,1,1,0,1
sette,2,2,0,0,1,0,1
temme,6,3,-3,-1,1,0,1
forholde,1,2,1,1,1,0,1
ha,1,2,-1,-1,-1,0,1
ta,1,3,2,1,1,0,1
kjenne,2,3,1,1,1,0,1
se,4,4,0,0,1,0,1
anmelde,3,3,0,0,1,0,1
få,2,4,2,1,1,0,1
dreie,1,2,1,1,1,1,1
legge,1,18,17,1,1,0,1
spre,1,2,1,1,1,0,1
se,2,7,5,1,1,0,1
slippe,1,3,2,1,1,0,1
passe,1,13,12,1,1,1,1
få,1,4,3,1,1,0,1
ha,1,4,3,1,1,0,1
treffe,1,2,1,1,1,0,1
forbinde,2,4,2,1,1,0,1
gjøre,1,5,4,1,1,0,1
fjerne,1,2,1,1,1,1,1
treffe,5,2,-3,-1,1,0,1
bruke,2,4,2,1,1,0,1
følge,1,3,2,1,1,0,1
holde,1,4,3,1,1,0,1
etterligne,2,5,-3,-1,-1,0,1
bortlede,1,11,10,1,1,0,1
bortlede,1,4,3,1,1,0,1
knytte,1,5,4,1,1,1,1
skape,2,4,2,1,1,0,1
levere,1,2,1,1,1,0,1
oppmuntre,1,2,1,1,1,0,1
ha,6,3,-3,-1,1,0,1
plukke,7,8,1,1,1,0,1
få,3,3,0,0,1,0,1
sende,2,2,0,0,1,0,1
få,2,5,3,1,1,-1,1
få,1,6,5,1,1,0,1
anse,4,3,1,1,-1,0,1
ha,2,3,1,1,1,0,1
forskanse,1,7,6,1,1,1,1
nedklaske,1,4,3,1,1,1,1
gjøre,1,2,1,1,1,-1,1
gjøre,2,7,5,1,1,0,1
sette,4,5,1,1,1,0,1
ta,2,3,1,1,1,0,1
ha,4,2,-2,-1,1,0,1
stange,1,3,2,1,1,0,1
irritere,2,2,0,0,1,0,1
slå,1,2,1,1,1,0,1
sette,1,2,1,1,1,1,1
gjøre,2,5,3,1,1,0,1
beskylde,1,2,1,1,1,0,1
kritisere,1,2,1,1,1,0,1
ta,5,2,-3,-1,1,0,1
låne,1,2,1,1,1,0,1
garantere,1,4,3,1,1,1,1
engasjere,1,2,1,1,1,1,1
gjøre,1,2,1,1,1,1,1
spille,1,4,3,1,1,0,1
gi,1,5,4,1,1,0,1
spille,1,4,3,1,1,0,1
reise,1,2,1,1,1,1,1
skape,1,2,1,1,1,0,1
blåse,1,5,4,1,1,0,1
ta,2,2,0,0,1,0,1
få,1,5,4,1,1,0,1
slå,1,2,1,1,1,1,1
utsette,3,3,0,0,1,0,1
gå,2,2,0,0,1,0,1
sette,6,2,4,1,-1,0,1
gi,2,4,2,1,1,0,1
sammensverge,1,2,1,1,1,0,1
overleve,1,5,4,1,1,0,1
ta,1,6,5,1,1,0,1
utkomme,4,4,0,0,1,0,1
dikte,2,2,0,0,1,0,1
gjøre,3,2,-1,-1,1,0,1
lufte,12,3,9,1,-1,0,1
stille,1,4,3,1,1,0,1
legitimere,9,3,6,1,-1,0,1
tape,1,3,2,1,1,0,1
lære,1,2,1,1,1,0,1
lese,3,3,0,0,1,0,1
skrive,4,2,-2,-1,1,0,1
få,4,2,-2,-1,1,0,1
holde,2,2,0,0,1,0,1
låse,1,3,2,1,1,1,1
grave,2,2,0,0,1,0,1
kritisere,1,5,4,1,1,0,1
redde,3,7,4,1,1,0,1
ta,1,2,1,1,1,0,1
plassere,3,3,0,0,1,0,1
spille,2,4,2,1,1,0,1
utvikle,1,5,4,1,1,1,1
uttale,1,6,5,1,1,1,1
stille,2,2,0,0,1,0,1
få,2,5,3,1,1,0,1
minne,1,2,1,1,1,0,1
sveipe,8,2,6,1,-1,0,1
bøye,1,2,1,1,1,0,1
dra,4,2,2,1,-1,1,1
ha,1,2,1,1,1,0,1
frykte,1,2,1,1,1,0,1
stjele,2,9,7,1,1,0,1
engasjere,1,5,4,1,1,1,1
legge,1,2,1,1,1,-1,1
befinne,1,2,1,1,1,1,1
gi,1,5,4,1,1,1,1
gjøre,3,3,0,0,1,0,1
møte,1,5,4,1,1,1,1
erstatte,5,5,0,0,1,0,1
snu,2,2,0,0,1,1,1
søke,1,3,2,1,1,0,1
ta,1,7,6,1,1,0,1
skremme,1,2,1,1,1,0,1
dekke,2,3,1,1,1,0,1
sette,1,2,1,1,1,-1,1
dempe,1,9,8,1,1,0,1
bringe,1,2,1,1,1,0,1
skjerme,1,8,7,1,1,0,1
ha,4,4,0,0,1,0,1
oppnå,1,8,7,1,1,0,1
dominere,2,9,7,1,1,0,1
gi,1,7,6,1,1,0,1
rette,1,6,5,1,1,0,1
arve,2,3,1,1,1,0,1
ta,3,3,0,0,1,0,1
få,1,2,1,1,1,-1,1
endre,2,4,2,1,1,0,1
legge,1,2,1,1,1,0,1
holde,1,13,12,1,1,0,1
legge,2,4,2,1,1,0,1
levere,2,5,3,1,1,0,1
få,2,9,7,1,1,0,1
vise,1,4,3,1,1,0,1
holde,2,2,0,0,1,0,1
belage,1,10,9,1,1,1,1
bruke,5,2,-3,-1,1,-1,1
forberede,3,6,3,1,1,0,1
reise,2,3,1,1,1,0,1
kaste,1,4,3,1,1,1,1
bruke,1,6,5,1,1,0,1
skyve,1,2,1,1,1,-1,1
begrense,1,3,2,1,1,0,1
holde,1,2,1,1,1,0,1
rette,2,3,1,1,1,0,1
få,2,2,0,0,1,0,1
skyve,1,2,1,1,1,-1,1
strekke,1,5,4,1,1,1,1
gjøre,1,4,3,1,1,0,1
innebære,2,10,8,1,1,-1,1
gi,2,8,6,1,1,0,1
legge,5,2,-3,-1,1,0,1
glede,1,9,8,1,1,0,1
vedta,2,4,2,1,1,0,1
subsidiere,1,12,11,1,1,0,1
sende,2,2,0,0,1,0,1
ha,2,3,1,1,1,0,1
legge,1,4,3,1,1,0,1
sette,1,19,18,1,1,0,1
finne,1,2,1,1,1,0,1
levere,3,2,-1,-1,1,0,1
møte,1,2,1,1,1,0,1
gratulere,1,3,2,1,1,1,1
få,1,6,5,1,1,0,1
sette,4,2,2,1,-1,0,1
synliggjøre,3,5,2,1,1,0,1
se,7,2,-5,-1,1,-1,1
koble,1,3,2,1,1,0,1
stille,2,4,2,1,1,0,1
ha,3,2,-1,-1,1,0,1
få,2,3,1,1,1,0,1
få,2,5,3,1,1,0,1
lede,1,5,4,1,1,0,1
stille,15,7,-8,-1,1,0,1
levere,4,11,7,1,1,0,1
fornye,1,2,1,1,1,0,1
spre,1,10,9,1,1,1,1
endre,1,15,14,1,1,0,1
sette,1,3,2,1,1,0,1
skyldes,2,3,-1,-1,-1,0,1
erstatte,1,2,1,1,1,0,1
glede,1,4,3,1,1,0,1
få,1,2,1,1,1,-1,1
spørre,1,2,1,1,1,0,1
svikte,2,3,1,1,1,0,1
endre,1,15,14,1,1,0,1
forholde,1,3,2,1,1,1,1
bruke,2,3,1,1,1,0,1
avfyre,1,2,1,1,1,0,1
ramme,2,3,1,1,1,0,1
ramme,1,5,4,1,1,0,1
bry,1,2,1,1,1,0,1
bekjempe,2,3,1,1,1,0,1
underminere,1,4,3,1,1,0,1
se,1,6,5,1,1,0,1
gi,2,2,0,0,1,-1,1
utnevne,2,3,1,1,1,0,1
utnevne,2,3,1,1,1,0,1
gi,1,3,2,1,1,0,1
få,2,4,2,1,1,0,1
inngå,2,2,0,0,1,0,1
ha,3,2,-1,-1,1,0,1
ha,1,3,2,1,1,0,1
føre,3,5,2,1,1,0,1
betale,1,3,2,1,1,0,1
slippe,3,2,-1,-1,1,0,1
vise,5,12,7,1,1,0,1
styre,2,4,2,1,1,0,1
få,4,10,6,1,1,0,1
ramme,1,4,3,1,1,0,1
registrere,1,3,2,1,1,0,1
betale,2,4,2,1,1,0,1
forlate,1,2,1,1,1,0,1
overgå,1,4,3,1,1,0,1
flytte,3,6,3,1,1,0,1
flytte,2,8,6,1,1,0,1
tiltrekke,2,2,0,0,1,0,1
vise,2,3,1,1,1,0,1
demonstrere,1,7,6,1,1,0,1
betale,2,2,0,0,1,0,1
stille,1,3,2,1,1,0,1
gjelde,1,3,-2,-1,-1,0,1
få,1,2,1,1,1,0,1
ha,2,2,0,0,1,0,1
godkjenne,7,3,-4,-1,1,0,1
ta,1,2,1,1,1,0,1
forplikte,1,6,5,1,1,1,1
ha,7,2,5,1,-1,0,1
forlate,1,2,1,1,1,0,1
få,1,4,3,1,1,0,1
legge,1,4,3,1,1,0,1
uttale,1,16,15,1,1,0,1
bety,2,4,2,1,1,0,1
konsentrere,1,5,4,1,1,1,1
ha,3,5,2,1,1,0,1
redde,2,7,5,1,1,1,1
vedta,10,2,8,1,-1,0,1
bruke,3,2,-1,-1,1,0,1
ofre,1,2,1,1,1,0,1
gi,1,9,8,1,1,0,1
gjøre,2,2,0,0,1,0,1
ha,7,3,-4,-1,1,0,1
skyve,2,2,0,0,1,-1,1
gjøre,1,6,5,1,1,0,1
pålegge,4,4,0,0,1,0,1
ta,1,2,1,1,1,0,1
skyve,1,2,1,1,1,-1,1
utstyre,1,7,6,1,1,1,1
ha,1,2,1,1,1,0,1
kalle,1,4,3,1,1,0,1
satse,3,2,-1,-1,1,0,1
konsentrere,1,3,2,1,1,1,1
belyse,1,5,4,1,1,0,1
kreve,1,2,1,1,1,0,1
føre,1,7,6,1,1,0,1
fortsette,3,5,2,1,1,0,1
ekskludere,1,2,1,1,1,0,1
få,2,2,0,0,1,0,1
invadere,1,3,2,1,1,0,1
love,6,8,2,1,1,0,1
gi,14,2,12,1,-1,0,1
skape,1,6,5,1,1,-1,1
ha,2,4,2,1,1,0,1
innskrenke,1,4,3,1,1,1,1
ta,1,3,-2,-1,-1,0,1
tømme,1,2,1,1,1,0,1
forandre,1,2,1,1,1,1,1
gripe,1,2,1,1,1,0,1
etterlate,1,2,1,1,1,0,1
bære,1,4,3,1,1,0,1
tilpasse,1,5,4,1,1,0,1
holde,2,4,2,1,1,0,1
skrive,2,3,1,1,1,0,1
skape,1,4,3,1,1,0,1
ta,1,2,1,1,1,0,1
skyldes,4,3,1,1,-1,0,1
leve,4,4,0,0,1,0,1
fordype,1,4,3,1,1,1,1
ha,2,4,2,1,1,0,1
ta,1,2,1,1,1,0,1
opprettholde,5,13,8,1,1,0,1
ha,3,2,-1,-1,1,0,1
få,3,2,-1,-1,1,0,1
selge,2,2,0,0,1,0,1
selge,3,7,4,1,1,0,1
hjelpe,1,3,2,1,1,0,1
gjenoppta,3,6,3,1,1,0,1
prege,2,4,-2,-1,-1,-1,1
levere,2,3,1,1,1,0,1
erstatte,1,5,4,1,1,0,1
legge,3,2,-1,-1,1,0,1
tjene,1,4,3,1,1,0,1
savne,1,4,3,1,1,1,1
sette,1,6,5,1,1,0,1
innebære,6,16,10,1,1,0,1
oppnå,8,9,1,1,1,0,1
diskutere,1,11,10,1,1,0,1
ta,7,4,-3,-1,1,0,1
berømme,1,5,4,1,1,0,1
motta,1,3,2,1,1,0,1
slå,1,2,1,1,1,1,1
korrigere,2,2,0,0,1,0,1
dreie,1,17,16,1,1,1,1
kjøpe,2,6,4,1,1,0,1
sette,1,4,3,1,1,1,1
drikke,2,3,1,1,1,0,1
mene,2,2,0,0,1,-1,1
holde,1,3,2,1,1,0,1
spore,3,5,2,1,1,0,1
lese,2,3,1,1,1,0,1
forsvare,1,17,16,1,1,1,1
venne,1,2,1,1,1,0,1
få,3,3,0,0,-1,0,1
sjekke,3,2,-1,-1,1,0,1
sette,1,10,9,1,1,0,1
skrive,2,6,4,1,1,0,1
plukke,1,3,2,1,1,0,1
forsyne,2,2,0,0,1,0,1
drikke,3,2,-1,-1,1,0,1
vite,1,2,1,1,1,0,1
ha,2,3,1,1,1,0,1
forsvare,1,2,1,1,1,1,1
tape,1,32,31,1,1,1,1
finne,1,2,1,1,1,0,1
ta,1,2,1,1,1,0,1
eie,2,16,14,1,1,0,1
oppføre,1,4,3,1,1,1,1
ta,4,2,2,1,-1,1,1
overholde,1,4,3,1,1,0,1
ha,2,4,2,1,1,0,1
hudflette,1,7,6,1,1,0,1
kjøpe,1,9,8,1,1,0,1
betale,3,8,5,1,1,0,1
sende,2,4,2,1,1,0,1
dra,2,2,0,0,-1,0,1
sette,3,7,4,1,1,0,1
skyldes,21,3,18,1,-1,0,1
lekke,1,4,3,1,1,0,1
betale,1,2,1,1,1,0,1
sette,1,2,1,1,1,0,1
skifte,1,3,2,1,1,0,1
sende,5,2,-3,-1,1,0,1
overlate,1,5,4,1,1,0,1
overlate,1,4,3,1,1,1,1
motta,4,27,23,1,1,0,1
dreie,1,5,4,1,1,1,1
ta,3,5,2,1,1,0,1
sette,1,7,6,1,1,1,1
gi,2,4,2,1,1,0,1
sette,2,5,3,1,1,0,1
undertrykke,3,4,1,1,1,0,1
ha,1,3,2,1,1,0,1
lede,1,4,3,1,1,0,1
sanke,2,3,1,1,1,0,1
overrekke,3,9,6,1,1,0,1
miste,3,4,1,1,1,0,1
stabilisere,1,2,1,1,1,0,1
treffe,3,2,-1,-1,1,0,1
få,3,5,2,1,1,0,1
håndtere,1,4,3,1,1,0,1
legge,1,2,1,1,1,0,1
bla,2,2,0,0,1,0,1
behandle,2,7,5,1,1,0,1
ha,2,2,0,0,1,0,1
intervjue,5,4,-1,-1,1,0,1
vie,2,6,4,1,1,0,1
nå,1,3,2,1,1,0,1
bære,14,6,8,1,-1,0,1
etterfølge,3,3,0,0,1,0,1
markere,1,2,1,1,1,1,1
identifisere,1,2,1,1,1,0,1
oppnå,1,27,26,1,1,0,1
rette,1,3,2,1,1,0,1
få,1,2,1,1,1,0,1
selge,1,2,1,1,1,0,1
skape,1,3,2,1,1,0,1
få,2,8,6,1,1,0,1
kvitte,1,2,1,1,1,1,1
forme,1,3,2,1,1,1,1
legge,2,10,8,1,1,0,1
binde,1,6,5,1,1,0,1
bruke,8,4,-4,-1,1,0,1
motvirke,4,14,10,1,1,0,1
legge,3,2,-1,-1,1,0,1
befinne,1,2,1,1,1,1,1
selge,2,3,1,1,1,0,1
ta,1,2,1,1,1,0,1
løsrive,1,4,3,1,1,0,1
knytte,1,7,6,1,1,0,1
utforske,2,6,4,1,1,0,1
ta,1,3,2,1,1,1,1
uttrykke,1,4,3,1,1,1,1
overlate,1,4,3,1,1,1,1
rette,1,4,3,1,1,0,1
sende,2,2,0,0,1,-1,1
bruke,2,4,2,1,1,0,1
kreve,1,2,1,1,1,0,1
beskytte,1,8,7,1,1,0,1
bære,4,2,2,1,-1,1,1
favorisere,6,8,2,1,1,0,1
ånde,1,4,3,1,1,0,1
lede,1,5,4,1,1,0,1
ta,8,2,6,1,-1,0,1
ha,6,4,-2,-1,1,0,1
drikke,2,2,0,0,1,0,1
spille,2,5,3,1,1,0,1
foreslå,13,2,11,1,-1,0,1
kutte,1,3,2,1,1,0,1
endre,1,10,9,1,1,0,1
frikjenne,2,2,0,0,1,1,1
stille,1,2,1,1,1,0,1
kreve,1,4,3,1,1,0,1
kritisere,4,9,5,1,1,0,1
vekke,2,2,0,0,1,0,1
nevne,1,2,-1,-1,-1,0,1
kreve,1,2,1,1,1,0,1
ha,1,2,1,1,1,0,1
legge,1,4,3,1,1,0,1
møte,4,12,8,1,1,0,1
gi,1,4,3,1,1,0,1
gjennomføre,2,2,0,0,1,0,1
provosere,1,4,3,1,1,0,1
kombinere,1,2,1,1,1,0,1
ha,3,6,3,1,1,0,1
starte,2,4,2,1,1,0,1
gi,1,2,1,1,1,0,1
skape,4,10,6,1,1,0,1
få,3,2,1,1,-1,0,1
søke,1,2,1,1,1,0,1
skape,1,4,3,1,1,0,1
ha,2,3,1,1,1,0,1
varsle,5,3,2,1,-1,0,1
kalle,2,4,2,1,1,0,1
få,9,2,7,1,-1,0,1
forlenge,1,11,10,1,1,0,1
møte,1,3,2,1,1,0,1
gi,1,6,5,1,1,0,1
se,2,3,1,1,1,0,1
få,2,2,0,0,1,0,1
gjelde,10,3,7,1,-1,0,1
forholde,1,12,11,1,1,1,1
fjerne,1,2,1,1,1,1,1
bære,7,2,5,1,-1,0,1
legge,10,2,8,1,-1,0,1
utspeile,1,4,3,1,1,1,1
studere,2,2,0,0,1,0,1
skildre,5,14,9,1,1,0,1
få,2,3,1,1,1,0,1
tilbringe,2,4,2,1,1,0,1
lese,1,4,3,1,1,0,1
grave,1,4,3,1,1,0,1
henrette,1,2,1,1,1,0,1
bære,7,2,5,1,-1,0,1
ha,3,2,-1,-1,1,0,1
ta,3,3,0,0,1,0,1
uttale,1,4,3,1,1,0,1
finne,3,2,-1,-1,1,0,1
ta,3,3,0,0,1,0,1
bruke,2,3,1,1,1,0,1
plassere,1,6,5,1,1,1,1
kunne,1,3,2,1,1,1,1
gjemme,1,3,2,1,1,1,1
gjemme,1,3,2,1,1,1,1
ha,2,2,0,0,1,0,1
forskrive,2,2,0,0,1,0,1
ha,9,2,7,1,-1,0,1
gjøre,1,3,2,1,1,1,1
sende,2,16,14,1,1,-1,1
dra,1,4,3,1,1,0,1
skaffe,2,7,5,1,1,0,1
ha,4,3,-1,-1,1,0,1
ta,1,2,1,1,1,0,1
få,2,2,0,0,1,0,1
bevege,1,5,4,1,1,1,1
få,11,2,9,1,-1,0,1
gi,4,3,-1,-1,1,0,1
få,2,2,0,0,1,0,1
anbefale,3,12,9,1,1,0,1
finne,8,2,-6,-1,1,0,1
nedlegge,3,6,3,1,1,0,1
vite,11,2,9,1,-1,0,1
gi,2,3,1,1,1,0,1
få,4,2,-2,-1,1,0,1
redusere,3,3,0,0,1,0,1
endre,1,10,9,1,1,1,1
bruke,5,3,-2,-1,1,0,1
holde,1,2,1,1,1,0,1
rette,1,2,1,1,1,0,1
ane,2,3,1,1,1,0,1
gjenspeile,3,3,0,0,1,0,1
sette,5,2,3,1,-1,0,1
bygge,1,3,2,1,1,0,1
bevege,1,18,17,1,1,1,1
romme,4,6,2,1,1,0,1
lede,1,6,5,1,1,0,1
forene,1,9,8,1,1,0,1
reservere,1,4,3,1,1,1,1
innta,3,13,10,1,1,0,1
sette,1,2,1,1,1,1,1
ta,1,6,5,1,1,0,1
henrette,8,2,-6,-1,1,0,1
trykke,3,2,-1,-1,1,0,1
se,1,2,1,1,1,1,1
oppleve,1,10,9,1,1,0,1
fortjene,2,6,4,1,1,0,1
ha,1,3,2,1,1,0,1
ha,2,4,-2,-1,-1,0,1
premiere,1,2,1,1,1,0,1
bruke,3,2,-1,-1,1,0,1
betale,2,3,1,1,1,0,1
søke,3,4,1,1,1,0,1
ha,3,10,7,1,1,0,1
tilby,3,2,-1,-1,1,0,1
premiere,1,2,1,1,1,0,1
sykeliggjøre,2,9,7,1,1,0,1
få,1,3,2,1,1,0,1
avsi,1,8,7,1,1,0,1
ha,3,2,-1,-1,1,-1,1
utsette,1,3,2,1,1,0,1
bruke,4,3,-1,-1,1,0,1
sette,1,4,3,1,1,0,1
sette,1,4,3,1,1,0,1
ha,2,2,0,0,-1,1,1
få,6,2,-4,-1,1,0,1
tilberede,1,2,1,1,1,1,1
låne,3,2,-1,-1,1,0,1
dele,4,2,-2,-1,1,-1,1
spraye,1,2,1,1,1,0,1
sende,1,2,1,1,1,1,1
skrive,31,3,28,1,-1,-1,1
lese,4,4,0,0,1,0,1
uttale,1,2,1,1,1,1,1
justere,1,2,1,1,1,-1,1
laste,2,2,0,0,1,0,1
befinne,1,13,12,1,1,1,1
arrangere,1,4,3,1,1,0,1
invitere,1,3,2,1,1,1,1
ta,5,3,-2,-1,1,0,1
få,3,2,-1,-1,1,-1,1
grille,1,5,4,1,1,0,1
arrestere,1,2,1,1,1,0,1
predikere,4,4,0,0,1,0,1
bære,3,2,-1,-1,1,0,1
balansere,3,5,2,1,1,0,1
fortelle,1,4,3,1,1,0,1
gjennomføre,2,4,2,1,1,0,1
erklære,2,3,1,1,1,0,1
lansere,3,5,2,1,1,0,1
skille,1,3,2,1,1,1,1
kjøpe,1,3,2,1,1,0,1
si,1,3,2,1,1,0,1
ha,4,3,-1,-1,1,0,1
tegne,2,3,1,1,1,0,1
sette,3,2,-1,-1,1,0,1
lage,1,2,1,1,1,-1,1
få,1,5,4,1,1,0,1
klassifisere,1,10,9,1,1,0,1
klassifisere,1,4,3,1,1,0,1
måle,2,2,0,0,1,0,1
lage,1,2,1,1,1,0,1
ha,4,2,-2,-1,1,-1,1
gjøre,2,4,2,1,1,0,1
kommentere,2,2,0,0,1,0,1
sette,3,3,0,0,1,0,1
kjøpe,1,8,7,1,1,0,1
tigge,1,2,1,1,1,0,1
ha,1,2,1,1,1,0,1
bruke,2,16,14,1,1,0,1
kjøpe,1,8,7,1,1,0,1
ønske,1,4,3,1,1,1,1
gjøre,1,3,2,1,1,1,1
spille,1,2,1,1,1,0,1
ta,2,12,10,1,1,0,1
koste,2,2,0,0,1,0,1
samle,1,6,5,1,1,0,1
se,1,5,4,1,1,1,1
ha,6,2,4,1,-1,0,1
tatovere,1,2,1,1,1,1,1
menge,1,4,3,1,1,1,1
skrive,2,3,1,1,1,0,1
legge,1,6,5,1,1,1,1
barbere,1,2,1,1,1,1,1
orke,2,2,0,0,1,0,1
feire,3,8,5,1,1,0,1
melde,1,3,2,1,1,1,1
trekke,3,4,1,1,1,0,1
ha,3,3,0,0,1,0,1
sparke,1,2,1,1,1,-1,1
ta,4,3,-1,-1,1,0,1
selge,1,10,9,1,1,1,1
plage,1,3,2,1,1,0,1
sende,1,2,1,1,1,0,1
gjemme,1,2,1,1,1,1,1
ta,1,3,2,1,1,0,1
spørre,4,2,-2,-1,1,0,1
vise,12,3,9,1,-1,0,1
sende,1,3,2,1,1,0,1
sende,2,2,0,0,1,0,1
få,4,2,-2,-1,1,-1,1
avregistrere,2,2,0,0,1,-1,1
takke,1,6,5,1,1,1,1
reise,1,2,1,1,1,1,1
ta,1,2,1,1,1,0,1
roe,1,3,2,1,1,1,1
irritere,1,2,1,1,1,0,1
krone,2,26,24,1,1,0,1
speile,4,4,0,0,1,1,1
skape,2,6,4,1,1,0,1
ha,3,2,1,1,-1,1,1
ha,2,3,1,1,1,0,1
betale,1,3,2,1,1,1,1
se,6,2,4,1,-1,1,1
befinne,1,6,5,1,1,1,1
telle,1,2,1,1,1,0,1
fylle,1,4,3,1,1,1,1
ha,4,2,-2,-1,1,0,1
ha,2,2,0,0,1,1,1
åpne,2,11,9,1,1,0,1
fremkalle,3,2,-1,-1,1,0,1
flokke,1,2,1,1,1,0,1
ha,4,5,1,1,1,0,1
holde,1,5,4,1,1,1,1
uttale,1,7,6,1,1,1,1
overfalle,3,2,-1,-1,1,0,1
motta,3,10,7,1,1,0,1
dreie,1,3,2,1,1,1,1
sette,1,2,-1,-1,-1,0,1
ha,6,2,4,1,-1,1,1
dytte,1,2,1,1,1,1,1
ha,6,2,4,1,-1,1,1
ha,4,7,3,1,1,0,1
ta,1,5,4,1,1,0,1
stille,4,2,2,1,-1,0,1
etablere,1,2,1,1,1,1,1
dele,1,2,1,1,1,0,1
legge,4,4,0,0,1,0,1
knytte,1,8,7,1,1,0,1
prøve,1,2,1,1,1,0,1
ha,2,2,0,0,1,0,1
se,1,2,1,1,1,1,1
sende,1,2,1,1,1,0,1
gi,2,3,1,1,1,0,1
utføre,4,7,3,1,1,0,1
ha,7,2,-5,-1,1,0,1
beløpe,1,7,6,1,1,1,1
legge,1,4,3,1,1,0,1
få,1,2,1,1,1,0,1
lære,6,2,-4,-1,1,0,1
teste,1,2,1,1,1,0,1
legge,5,2,3,1,-1,1,1
legge,1,4,3,1,1,0,1
koste,8,2,6,1,-1,1,1
snakke,2,2,0,0,1,0,1
plassere,1,4,3,1,1,1,1
ha,3,2,-1,-1,1,-1,1
sende,1,6,5,1,1,0,1
legge,3,10,7,1,1,1,1
ha,1,15,14,1,1,0,1
ta,1,3,2,1,1,1,1
vise,6,2,-4,-1,1,0,1
bruke,2,3,1,1,1,0,1
forholde,1,3,2,1,1,1,1
legge,9,9,0,0,1,0,1
kose,1,4,3,1,1,1,1
undersøke,5,5,0,0,1,0,1
sammenligne,3,7,4,1,1,0,1
få,20,3,17,1,-1,0,1
bruke,1,2,1,1,1,0,1
ta,1,3,2,1,1,1,1
skaffe,1,2,1,1,1,0,1
ta,1,2,1,1,1,0,1
se,1,10,9,1,1,0,1
selge,1,2,1,1,1,0,1
gi,1,4,3,1,1,0,1
gratulere,1,2,1,1,1,1,1
kåre,6,5,-1,-1,1,0,1
få,2,6,4,1,1,0,1
ha,3,4,1,1,1,0,1
ha,5,6,1,1,1,0,1
gi,1,3,2,1,1,0,1
gi,1,3,2,1,1,0,1
mangle,2,2,0,0,1,0,1
ha,2,3,1,1,1,0,1
ha,2,3,1,1,1,0,1
ta,1,2,1,1,1,1,1
ha,5,5,0,0,1,0,1
gjenstå,1,6,5,1,1,0,1
tape,1,2,1,1,1,0,1
vinne,4,2,-2,-1,1,0,1
ha,3,4,1,1,1,0,1
ha,3,4,1,1,1,0,1
skille,4,4,0,0,1,0,1
ta,2,4,2,1,1,0,1
fordele,2,12,10,1,1,0,1
samle,1,5,4,1,1,1,1
forsterke,1,4,3,1,1,0,1
ha,3,5,2,1,1,0,1
få,2,5,3,1,1,0,1
vinne,1,2,1,1,1,0,1
vise,11,2,9,1,-1,0,1
farge,6,4,-2,-1,1,0,1
legge,3,2,-1,-1,1,0,1
vinne,1,2,1,1,1,0,1
vinne,1,2,1,1,1,1,1
følge,4,8,4,1,1,0,1
treffe,12,2,10,1,-1,0,1
vinne,1,2,1,1,1,0,1
starte,3,4,1,1,1,0,1
ha,6,2,-4,-1,1,0,1
få,3,2,1,1,-1,1,1
skille,1,16,15,1,1,1,1
gjøre,3,4,1,1,1,0,1
tømme,2,5,3,1,1,0,1
sparke,1,2,-1,-1,-1,1,1
besøke,1,3,2,1,1,0,1
praktisere,7,3,4,1,-1,0,1
gjennomgå,3,2,-1,-1,1,0,1
bestille,1,2,1,1,1,0,1
ha,7,3,4,1,-1,0,1
puste,1,2,1,1,1,0,1
ha,5,19,14,1,1,0,1
få,1,7,6,1,1,0,1
nå,1,7,6,1,1,0,1
følge,2,4,2,1,1,0,1
studere,1,2,1,1,1,0,1
lokke,1,8,7,1,1,1,1
skrive,2,9,7,1,1,0,1
kjøre,1,2,1,1,1,0,1
slå,1,2,1,1,1,0,1
ha,2,2,0,0,1,0,1
befinne,1,5,4,1,1,1,1
gjøre,2,3,1,1,1,0,1
befinne,1,7,6,1,1,1,1
trene,2,5,3,1,1,0,1
få,1,2,1,1,1,0,1
holde,4,3,-1,-1,1,0,1
få,2,4,2,1,1,0,1
ha,6,2,4,1,-1,0,1
endre,1,6,5,1,1,1,1
holde,1,2,1,1,1,1,1
trene,1,2,1,1,1,0,1
ha,4,5,1,1,1,0,1
kjøpe,3,4,1,1,1,0,1
få,3,2,-1,-1,1,0,1
ha,3,2,-1,-1,1,0,1
plukke,3,2,1,1,-1,1,1
kjøpe,1,3,2,1,1,0,1
selge,3,11,8,1,1,0,1
betale,2,3,1,1,1,0,1
ha,14,2,12,1,-1,0,1
skille,1,11,10,1,1,1,1
stjele,1,3,2,1,1,0,1
ta,1,6,5,1,1,0,1
ta,1,2,1,1,1,0,1
få,2,2,0,0,-1,1,1
bevege,1,9,8,1,1,0,1
lese,1,4,3,1,1,0,1
unnskylde,1,4,3,1,1,1,1
straffe,1,3,2,1,1,0,1
tape,1,2,1,1,1,0,1
oppleve,1,4,3,1,1,0,1
gi,3,3,0,0,1,0,1
få,2,4,2,1,1,0,1
se,1,3,2,1,1,0,1
levere,1,3,2,1,1,0,1
få,11,3,-8,-1,1,0,1
stille,1,8,7,1,1,0,1
få,1,2,1,1,1,0,1
sikte,1,11,10,1,1,1,1
ta,8,5,-3,-1,1,0,1
politianmelde,6,4,-2,-1,1,0,1
avdekke,4,4,0,0,1,0,1
utgjøre,4,3,-1,-1,1,0,1
dreie,1,15,14,1,1,1,1
motta,1,7,6,1,1,0,1
dra,10,2,8,1,-1,1,1
fjerne,1,3,2,1,1,0,1
kjøpe,5,3,-2,-1,1,0,1
ha,4,2,-2,-1,1,0,1
få,3,4,1,1,1,0,1
ha,1,3,2,1,1,0,1
ha,3,2,-1,-1,1,-1,1
ha,1,3,2,1,1,0,1
innta,1,2,1,1,1,0,1
starte,3,4,1,1,1,0,1
ha,2,2,0,0,1,-1,1
forbinde,1,7,6,1,1,0,1
skrive,4,2,-2,-1,1,0,1
se,6,17,11,1,1,0,1
anmelde,5,2,-3,-1,1,0,1
rendyrke,9,9,0,0,1,0,1
skape,2,2,0,0,1,0,1
drapere,2,3,1,1,1,0,1
avkle,1,6,5,1,1,1,1
latterliggjøre,2,3,1,1,1,0,1
utgi,2,5,3,1,1,0,1
få,1,25,24,1,1,1,1
sette,1,2,1,1,1,0,1
skyte,2,2,0,0,1,1,1
ha,3,2,-1,-1,1,0,1
levere,1,4,3,1,1,0,1
kaste,1,4,3,1,1,1,1
tilby,2,2,0,0,1,0,1
lære,2,3,1,1,1,0,1
kjøpe,3,5,2,1,1,0,1
selge,1,4,3,1,1,0,1
lese,1,2,1,1,1,0,1
gjelde,3,14,11,1,1,-1,1
gi,1,2,1,1,1,0,1
be,1,2,1,1,1,0,1
skrive,1,3,2,1,1,0,1
gjøre,1,2,1,1,1,0,1
sendte,1,4,3,1,1,0,1
utvikle,1,2,1,1,1,1,1
bruke,1,2,1,1,1,0,1
skyve,6,2,-4,-1,1,-1,1
se,1,2,1,1,1,0,1
sette,1,2,-1,-1,-1,0,1
ringe,1,2,1,1,1,0,1
forsvare,1,2,1,1,1,1,1
få,10,2,8,1,-1,1,1
ha,11,2,9,1,-1,1,1
presse,1,4,3,1,1,0,1
ha,1,2,1,1,1,0,1
ta,3,4,1,1,1,0,1
forsvare,1,2,1,1,1,1,1
kaste,1,3,2,1,1,0,1
slå,1,2,1,1,1,1,1
høre,3,3,0,0,1,0,1
ha,2,2,0,0,1,0,1
ta,2,2,0,0,-1,1,1
tygge,2,2,0,0,-1,1,1
berge,2,4,2,1,1,0,1
tape,3,13,10,1,1,0,1
ha,2,2,0,0,-1,0,1
forsvare,1,2,1,1,1,1,1
følge,1,6,5,1,1,0,1
få,2,2,0,0,1,0,1
trenge,1,6,5,1,1,0,1
ta,2,2,0,0,-1,1,1
komme,1,2,1,1,1,1,1
vite,1,15,14,1,1,1,1
pakke,1,3,2,1,1,-1,1
legge,1,2,1,1,1,1,1
få,3,3,0,0,1,0,1
bety,1,4,3,1,1,0,1
hjelpe,1,2,1,1,1,1,1
ha,1,2,1,1,1,0,1
ha,1,2,-1,-1,-1,1,1
følge,1,2,1,1,1,0,1
ha,2,2,0,0,1,0,1
ta,2,2,0,0,1,0,1
sende,1,3,2,1,1,0,1
si,1,2,1,1,1,1,1
slå,1,2,1,1,1,0,1
hilse,1,2,1,1,1,-1,1
arrangere,3,5,2,1,1,0,1
fortelle,1,3,2,1,1,1,1
holde,1,2,1,1,1,0,1
få,1,2,1,1,1,0,1
ha,2,4,2,1,1,0,1
finne,1,8,7,1,1,0,1
brenne,1,2,1,1,1,0,1
høre,5,3,-2,-1,1,0,1
kjøre,1,3,2,1,1,0,1
ta,1,2,1,1,1,0,1
søke,1,2,1,1,1,0,1
treffe,1,2,1,1,1,0,1
hilse,1,2,1,1,1,-1,1
bre,1,2,1,1,1,1,1
servere,2,2,0,0,1,0,1
glemme,1,2,1,1,1,1,1
skjule,2,2,0,0,1,-1,1
ta,1,2,-1,-1,-1,0,1
legge,1,4,3,1,1,0,1
komme,1,2,1,1,1,1,1
skille,1,4,3,1,1,1,1
ha,1,2,1,1,1,0,1
fremkalle,3,2,-1,-1,1,-1,1
kjempe,1,4,3,1,1,1,1
si,1,12,11,1,1,1,1
skaffe,2,5,3,1,1,0,1
kontakte,1,3,2,1,1,0,1
kjøre,1,3,2,1,1,0,1
varsle,1,4,3,1,1,0,1
ta,1,2,1,1,1,0,1
kaste,1,2,1,1,1,1,1
stille,2,2,0,0,1,0,1
frita,1,2,1,1,1,0,1
gjøre,1,2,1,1,1,0,1
lage,1,5,4,1,1,0,1
henge,1,2,1,1,1,0,1
gjøre,1,3,2,1,1,1,1
finne,1,2,1,1,1,0,1
ta,2,7,5,1,1,0,1
gi,2,7,5,1,1,0,1
si,1,2,1,1,1,0,1
få,1,2,1,1,1,-1,1
notere,1,3,2,1,1,0,1
engasjere,1,4,3,1,1,0,1
ha,10,3,-7,-1,1,0,1
skille,1,4,3,1,1,1,1
koble,1,4,3,1,1,0,1
sette,7,2,5,1,-1,0,1
sette,2,2,0,0,-1,0,1
innhente,1,9,8,1,1,0,1
varsle,1,3,2,1,1,0,1
skrive,2,2,0,0,1,0,1
ta,2,2,0,0,1,0,1
bety,1,4,3,1,1,0,1
drive,3,6,-3,-1,-1,0,1
transportere,1,3,2,1,1,0,1
forsterke,1,4,3,1,1,0,1
komme,3,2,-1,-1,1,0,1
sette,1,5,4,1,1,0,1
legge,1,4,3,1,1,0,1
stille,1,2,1,1,1,0,1
innbefatte,3,4,1,1,1,0,1
utvikle,5,4,-1,-1,1,0,1
endre,1,2,1,1,1,1,1
legge,1,7,6,1,1,0,1
befinne,1,7,6,1,1,1,1
se,2,7,5,1,1,0,1
ta,1,2,-1,-1,-1,1,1
helle,1,2,1,1,1,0,1
kjøpe,1,2,1,1,1,-1,1
ha,2,2,0,0,1,-1,1
skape,1,2,1,1,1,0,1
sende,2,8,6,1,1,0,1
sende,1,2,1,1,1,1,1
legge,1,2,1,1,1,0,1
sende,1,2,1,1,1,1,1
sende,1,3,2,1,1,0,1
få,3,8,5,1,1,0,1
ha,18,3,15,1,-1,0,1
dokumentere,1,6,5,1,1,0,1
se,2,3,1,1,1,0,1
få,10,2,8,1,-1,0,1
ha,1,2,1,1,1,1,1
ta,7,2,5,1,-1,1,1
si,1,2,1,1,1,0,1
ta,1,2,-1,-1,-1,1,1
reise,1,2,1,1,1,1,1
rive,1,4,3,1,1,0,1
blåse,1,3,2,1,1,0,1
levere,1,7,6,1,1,0,1
introdusere,1,2,1,1,1,0,1
utfolde,1,2,1,1,1,1,1
gjøre,2,2,0,0,1,0,1
ha,2,2,0,0,1,0,1
ta,1,2,1,1,1,0,1
tilsende,2,2,0,0,1,0,1
gjøre,1,3,2,1,1,1,1
gjøre,3,2,-1,-1,1,0,1
ha,3,2,-1,-1,1,0,1
treffe,1,2,1,1,1,1,1
si,1,2,1,1,1,0,1
kjøpe,4,2,-2,-1,1,-1,1
sette,1,4,3,1,1,0,1
få,1,2,1,1,1,0,1
følge,1,2,1,1,1,1,1
ha,3,2,-1,-1,1,-1,1
bruke,2,2,0,0,1,-1,1
sette,1,2,1,1,1,-1,1
få,1,11,10,1,1,0,1
følge,1,4,3,1,1,1,1
ta,1,2,1,1,1,1,1
synge,1,4,3,1,1,0,1
sette,1,4,3,1,1,0,1
lese,1,3,2,1,1,0,1
få,3,5,2,1,1,0,1
takke,1,8,7,1,1,0,1
starte,1,2,1,1,1,0,1
ha,1,3,2,1,1,0,1
trenge,2,3,1,1,1,0,1
spille,1,4,3,1,1,0,1
følge,1,2,1,1,1,0,1
få,1,6,5,1,1,0,1
plassere,1,2,1,1,1,1,1
ha,1,5,4,1,1,0,1
legge,2,2,0,0,1,0,1
flytte,2,2,0,0,1,0,1
møte,1,4,3,1,1,1,1
bringe,4,3,-1,-1,1,0,1
ha,2,2,0,0,1,0,1
promotere,1,6,5,1,1,0,1
sette,2,2,0,0,1,0,1
få,2,5,3,1,1,0,1
få,4,3,-1,-1,1,1,1
få,1,3,2,1,1,1,1
se,1,2,1,1,1,-1,1
promotere,1,2,1,1,1,0,1
oppleve,3,3,0,0,1,0,1
plukke,1,2,1,1,1,0,1
selge,2,3,1,1,1,0,1
prøve,2,6,4,1,1,0,1
vekke,1,2,1,1,1,0,1
lime,3,4,1,1,1,0,1
vinne,2,2,0,0,1,0,1
fylle,1,4,3,1,1,0,1
vinne,2,2,0,0,1,0,1
spre,5,2,-3,-1,1,0,1
ha,1,2,1,1,1,0,1
gi,1,2,1,1,1,1,1
stå,9,2,7,1,-1,0,1
standardisere,1,2,1,1,1,0,1
ha,2,2,0,0,-1,0,1
legge,1,2,1,1,1,0,1
sette,7,2,-5,-1,1,0,1
bygge,2,3,1,1,1,0,1
leke,1,3,2,1,1,0,1
samle,1,4,3,1,1,1,1
ta,1,7,6,1,1,-1,1
si,1,7,6,1,1,1,1
samle,1,4,3,1,1,1,1
finne,1,2,1,1,1,0,1
inkludere,5,2,-3,-1,1,0,1
intervjue,2,3,1,1,1,0,1
lage,3,2,-1,-1,1,0,1
intervjue,5,5,0,0,1,0,1
skjule,1,2,1,1,1,1,1
avsløre,1,2,1,1,1,0,1
samle,3,2,-1,-1,1,0,1
se,2,3,1,1,1,1,1
skrive,2,2,0,0,1,0,1
svinge,1,3,2,1,1,1,1
holde,1,2,1,1,1,1,1
ha,2,2,0,0,-1,1,1
avlyse,2,4,2,1,1,0,1
lage,1,4,3,1,1,0,1
sette,1,2,1,1,1,0,1
sende,3,2,-1,-1,1,0,1
fortsette,1,3,2,1,1,0,1
ta,1,2,1,1,1,0,1
ha,3,2,-1,-1,1,0,1
trenge,2,7,5,1,1,0,1
få,2,7,5,1,1,0,1
ha,1,31,30,1,1,0,1
skrive,3,2,-1,-1,1,0,1
spille,2,3,1,1,1,0,1
holde,1,3,2,1,1,-1,1
finne,1,2,1,1,1,0,1
jobbe,1,2,1,1,1,0,1
skifte,1,2,1,1,1,0,1
spille,1,3,2,1,1,1,1
spille,1,8,7,1,1,1,1
treffe,1,3,2,1,1,1,1
ha,2,4,2,1,1,0,1
ta,5,2,3,1,-1,1,1
tørke,5,2,-3,-1,1,0,1
finne,1,3,2,1,1,0,1
finne,1,2,1,1,1,0,1
sette,1,5,4,1,1,1,1
ha,3,2,-1,-1,1,-1,1
ta,11,2,9,1,-1,1,1
vekke,1,2,1,1,1,0,1
følge,1,5,4,1,1,1,1
gi,3,2,-1,-1,1,0,1
få,14,2,12,1,-1,1,1
gi,4,2,-2,-1,1,0,1
motta,5,4,-1,-1,1,0,1
minne,1,13,12,1,1,1,1
se,5,2,-3,-1,1,0,1
eksponere,1,4,3,1,1,1,1
knytte,3,2,1,1,-1,1,1
oppføre,1,3,2,1,1,1,1
se,1,2,1,1,1,1,1
ta,4,2,-2,-1,1,0,1
skifte,1,3,2,1,1,0,1
skifte,1,3,2,1,1,0,1
kjøpe,2,5,-3,-1,-1,0,1
kjøpe,1,2,1,1,1,1,1
tørre,1,5,4,1,1,0,1
forlate,1,3,2,1,1,0,1
trygle,1,2,1,1,1,1,1
ta,7,2,5,1,-1,1,1
begi,1,2,1,1,1,1,1
møte,1,19,18,1,1,1,1
ha,5,5,0,0,1,0,1
få,2,3,1,1,1,0,1
gifte,1,3,2,1,1,1,1
takke,1,2,1,1,1,0,1
ha,1,2,-1,-1,-1,1,1
overbevise,1,3,2,1,1,0,1
lage,2,3,1,1,1,0,1
skape,2,3,1,1,1,0,1
ta,1,2,1,1,1,1,1
beundre,1,14,13,1,1,1,1
gjennomføre,1,2,1,1,1,0,1
tilbringe,2,2,0,0,1,0,1
dekke,1,5,4,1,1,0,1
skape,2,2,0,0,1,0,1
holde,1,2,1,1,1,0,1
gjøre,2,3,1,1,1,0,1
vise,2,3,1,1,1,0,1
intervjue,4,5,1,1,1,0,1
drikke,1,2,1,1,1,1,1
holde,1,3,2,1,1,1,1
gjøre,1,3,2,1,1,1,1
kjøre,1,3,2,1,1,1,1
møte,1,5,4,1,1,1,1
forlove,1,8,7,1,1,1,1
si,1,2,1,1,1,0,1
vite,1,3,2,1,1,1,1
betro,1,2,1,1,1,0,1
løfte,3,6,3,1,1,0,1
diskutere,1,3,2,1,1,0,1
spise,4,4,0,0,1,0,1
få,1,2,1,1,1,0,1
ta,6,2,4,1,-1,1,1
si,3,5,2,1,1,0,1
lage,3,2,-1,-1,1,0,1
prøve,1,4,3,1,1,1,1
gjøre,3,7,4,1,1,0,1
knytte,4,2,2,1,-1,1,1
feste,3,5,2,1,1,0,1
velge,1,3,2,1,1,0,1
snirkle,1,24,23,1,1,1,1
tenke,1,4,3,1,1,1,1
suge,1,3,2,1,1,0,1
varsle,8,2,-6,-1,1,0,1
samle,1,3,2,1,1,0,1
ekspandere,4,4,0,0,1,0,1
spille,2,5,3,1,1,0,1
sette,2,2,0,0,-1,0,1
prøve,1,4,3,1,1,1,1
bjeffe,3,4,1,1,1,0,1
si,8,3,-5,-1,1,0,1
heve,1,2,1,1,1,1,1
medføre,2,2,0,0,1,0,1
ha,1,2,1,1,1,-1,1
innføre,1,2,1,1,1,0,1
beskytte,1,4,3,1,1,1,1
bære,4,10,6,1,1,0,1
ta,2,3,1,1,1,0,1
like,1,2,1,1,1,1,1
få,2,5,3,1,1,0,1
bokse,3,9,6,1,1,0,1
nærme,1,2,1,1,1,1,1
få,1,2,1,1,1,0,1
finne,1,2,1,1,1,0,1
dumpe,1,2,1,1,1,0,1
kaste,2,3,1,1,1,0,1
legge,1,5,4,1,1,0,1
ilegge,1,2,1,1,1,0,1
oppbevare,7,3,-4,-1,1,0,1
kaste,1,4,3,1,1,0,1
blande,1,2,1,1,1,1,1
skrive,2,2,0,0,1,0,1
ta,1,9,8,1,1,0,1
vekke,1,2,1,1,1,0,1
støtte,1,3,2,1,1,1,1
kappe,1,2,1,1,1,0,1
spre,1,2,1,1,1,1,1
rette,1,2,1,1,1,0,1
ta,1,2,1,1,1,0,1
vekke,2,5,3,1,1,0,1
innstille,1,4,3,1,1,0,1
få,7,9,2,1,1,0,1
få,2,2,0,0,1,0,1
spre,1,3,2,1,1,0,1
legge,16,6,10,1,-1,0,1
skaffe,4,6,2,1,1,0,1
vise,1,2,1,1,1,0,1
involvere,3,3,0,0,1,0,1
gjenta,1,4,3,1,1,0,1
søke,1,12,11,1,1,0,1
se,3,2,-1,-1,1,0,1
få,1,2,1,1,1,0,1
ha,1,3,2,1,1,0,1
ligge,4,4,0,0,1,0,1
bygge,3,2,-1,-1,1,0,1
øke,1,5,4,1,1,0,1
selge,1,2,1,1,1,0,1
sette,3,2,-1,-1,1,0,1
forholde,1,2,1,1,1,0,1
spare,1,2,1,1,1,0,1
ha,4,4,0,0,1,0,1
følge,1,10,9,1,1,1,1
se,3,2,-1,-1,1,-1,1
ha,3,3,0,0,1,0,1
svinge,1,8,7,1,1,1,1
ha,5,2,-3,-1,1,0,1
finne,2,3,1,1,1,0,1
få,2,3,1,1,1,0,1
gi,2,4,2,1,1,0,1
ha,3,6,3,1,1,0,1
ha,1,3,2,1,1,0,1
få,3,2,-1,-1,1,0,1
selge,1,6,5,1,1,1,1
måle,1,4,3,1,1,0,1
få,1,2,1,1,1,0,1
bevilge,1,2,1,1,1,0,1
selge,6,2,-4,-1,1,0,1
fortelle,1,4,3,1,1,-1,1
sette,1,2,1,1,1,1,1
romme,6,3,-3,-1,1,0,1
skape,1,3,2,1,1,0,1
kreve,2,11,9,1,1,0,1
gjøre,1,2,1,1,1,0,1
trene,1,3,2,1,1,1,1
skifte,1,3,2,1,1,0,1
sette,1,23,22,1,1,-1,1
få,1,4,3,1,1,0,1
få,1,3,2,1,1,0,1
gi,1,3,2,1,1,1,1
få,1,3,2,1,1,0,1
ha,1,11,10,1,1,1,1
ha,1,3,2,1,1,0,1
blande,3,3,0,0,1,0,1
gi,1,3,2,1,1,0,1
kjøpe,1,2,1,1,1,0,1
remodellere,1,7,6,1,1,0,1
bruke,1,2,1,1,1,0,1
designe,3,2,-1,-1,1,0,1
holde,1,2,1,1,1,-1,1
eie,1,5,4,1,1,0,1
sette,27,2,25,1,-1,0,1
feire,5,2,-3,-1,1,0,1
entre,1,4,3,1,1,0,1
takke,1,3,2,1,1,0,1
gå,1,2,1,1,1,0,1
gifte,1,2,1,1,1,1,1
gifte,1,3,2,1,1,1,1
finne,1,7,6,1,1,0,1
planlegge,1,3,2,1,1,0,1
ta,1,2,1,1,1,-1,1
røyke,1,2,1,1,1,0,1
lese,1,2,1,1,1,0,1
ta,2,2,0,0,1,0,1
åpne,1,2,1,1,1,1,1
støtte,1,2,1,1,1,1,1
lete,2,3,1,1,1,0,1
ha,4,5,1,1,1,0,1
trene,1,4,3,1,1,0,1
trene,1,3,2,1,1,0,1
legge,1,2,1,1,1,1,1
finne,3,3,0,0,1,0,1
lese,2,3,1,1,1,0,1
få,3,2,-1,-1,1,0,1
spille,1,5,4,1,1,1,1
invitere,1,2,1,1,1,1,1
godte,1,2,1,1,1,1,1
ta,1,4,3,1,1,1,1
få,4,2,-2,-1,1,0,1
sette,2,4,2,1,1,0,1
klippe,1,3,2,1,1,0,1
få,1,2,1,1,1,0,1
gjøre,2,7,5,1,1,0,1
slå,1,3,2,1,1,0,1
slå,1,2,1,1,1,-1,1
kalle,2,2,0,0,1,0,1
støtte,1,2,1,1,1,1,1
dra,1,2,-1,-1,-1,1,1
rette,2,2,0,0,1,-1,1
finne,1,2,1,1,1,0,1
ha,1,2,1,1,1,0,1
holde,1,3,2,1,1,0,1
fylle,7,6,-1,-1,1,0,1
identifisere,1,12,11,1,1,1,1
hevde,2,7,5,1,1,0,1
utvikle,1,2,1,1,1,1,1
jage,2,3,1,1,1,0,1
kaste,1,2,1,1,1,-1,1
ta,1,2,1,1,1,-1,1
legge,1,2,1,1,1,1,1
slå,1,2,1,1,1,1,1
vende,1,2,1,1,1,0,1
bety,1,2,1,1,1,0,1
bygge,2,2,0,0,1,0,1
ta,7,2,-5,-1,1,0,1
ta,1,8,7,1,1,0,1
bry,1,2,1,1,1,0,1
samle,1,2,1,1,1,0,1
se,1,2,1,1,1,0,1
vekke,2,2,0,0,1,0,1
få,1,2,1,1,1,-1,1
fylle,1,3,2,1,1,1,1
få,1,3,2,1,1,0,1
spille,3,2,-1,-1,1,-1,1
synge,3,4,1,1,1,0,1
finne,2,2,0,0,1,0,1
ta,1,4,3,1,1,0,1
sette,1,2,1,1,1,0,1
klare,1,2,1,1,1,0,1
peke,3,4,1,1,1,0,1
nyte,1,12,11,1,1,-1,1
få,10,2,8,1,-1,1,1
ha,18,3,15,1,-1,0,1
spille,3,3,0,0,1,0,1
motta,3,4,1,1,1,0,1
brenne,3,7,4,1,1,0,1
plukke,1,5,4,1,1,0,1
score,4,2,-2,-1,1,0,1
servere,4,4,0,0,1,0,1
lese,1,2,1,1,1,0,1
pynte,1,4,3,1,1,1,1
kjøre,4,7,3,1,1,0,1
motta,1,5,4,1,1,0,1
spille,1,11,10,1,1,1,1
finne,1,4,3,1,1,0,1
lyse,2,3,1,1,1,0,1
fortelle,2,2,0,0,1,0,1
betale,3,2,-1,-1,1,-1,1
leve,2,2,0,0,1,-1,1
gjøre,1,6,5,1,1,0,1
suspendere,1,3,2,1,1,0,1
sende,1,8,7,1,1,0,1
få,4,3,-1,-1,1,0,1
kaste,1,2,1,1,1,-1,1
vende,1,7,6,1,1,0,1
bytte,3,10,7,1,1,0,1
toppe,1,2,1,1,1,1,1
kjøpe,1,5,4,1,1,1,1
forlate,1,2,1,1,1,1,1
sette,6,3,-3,-1,1,0,1
lede,1,3,2,1,1,1,1
se,2,2,0,0,1,-1,1
skimte,2,5,3,1,1,0,1
øse,1,3,2,1,1,0,1
spille,1,12,11,1,1,0,1
ha,3,3,0,0,1,0,1
kommentere,1,2,1,1,1,1,1
høre,1,2,1,1,1,1,1
røre,1,4,3,1,1,1,1
røre,1,2,1,1,1,0,1
tilby,1,3,2,1,1,0,1
ta,1,2,1,1,1,-1,1
skape,1,2,1,1,1,0,1
tilby,2,11,9,1,1,0,1
stille,2,2,0,0,1,1,1
score,2,3,1,1,1,0,1
droppe,1,4,3,1,1,0,1
miste,1,4,3,1,1,0,1
høre,1,4,3,1,1,1,1
berøre,2,3,1,1,1,1,1
se,1,2,1,1,1,0,1
stille,8,11,-3,-1,-1,0,1
forlate,1,4,3,1,1,0,1
holde,2,4,2,1,1,0,1
foreta,3,5,2,1,1,0,1
ha,2,2,0,0,1,-1,1
godte,1,10,9,1,1,1,1
se,2,6,4,1,1,0,1
kysse,2,3,1,1,1,0,1
gi,1,4,3,1,1,0,1
ha,3,3,0,0,1,0,1
få,3,4,1,1,1,0,1
få,2,3,1,1,1,0,1
kysse,2,2,0,0,1,0,1
ta,1,2,1,1,1,0,1
nå,3,4,1,1,1,0,1
motta,7,4,-3,-1,1,0,1
uttale,1,6,5,1,1,1,1
ha,2,2,0,0,1,0,1
motta,6,6,0,0,1,0,1
få,13,2,11,1,-1,0,1
sette,6,2,4,1,-1,0,1
fortsette,3,3,0,0,1,0,1
kutte,4,3,-1,-1,1,0,1
bruke,1,7,6,1,1,0,1
få,2,2,0,0,1,0,1
legge,1,3,2,1,1,0,1
låne,1,2,1,1,1,0,1
slå,3,3,0,0,1,0,1
ha,1,2,1,1,1,0,1
spesialisere,1,5,4,1,1,1,1
forsterke,4,2,-2,-1,1,0,1
drukne,3,2,-1,-1,1,0,1
ta,6,6,0,0,1,0,1
levere,1,5,4,1,1,0,1
gjøre,1,4,3,1,1,0,1
få,3,12,9,1,1,0,1
få,3,2,-1,-1,1,0,1
stille,1,13,12,1,1,0,1
si,1,3,2,1,1,0,1
forplikte,1,20,19,1,1,1,1
sikre,3,4,1,1,1,0,1
prege,1,2,1,1,1,0,1
trekke,3,4,1,1,1,0,1
prege,1,2,1,1,1,0,1
si,2,7,5,1,1,0,1
foreta,3,4,1,1,1,0,1
rekruttere,2,4,2,1,1,0,1
finne,1,2,1,1,1,0,1
danne,1,7,6,1,1,0,1
bygge,4,6,2,1,1,0,1
nærme,2,2,0,0,1,0,1
trekke,3,2,-1,-1,1,0,1
trekke,4,2,-2,-1,1,0,1
få,2,3,1,1,1,0,1
oppleve,2,4,2,1,1,0,1
overta,1,2,1,1,1,0,1
støtte,1,2,1,1,1,0,1
ta,2,2,0,0,1,0,1
love,1,2,1,1,1,0,1
bevege,1,8,7,1,1,1,1
ha,8,3,-5,-1,1,0,1
fastholde,3,3,0,0,1,0,1
avlyse,1,4,3,1,1,0,1
få,1,5,4,1,1,0,1
betale,1,2,1,1,1,0,1
begrense,1,6,5,1,1,0,1
gjennomføre,1,2,1,1,1,0,1
opprette,1,13,12,1,1,0,1
forklare,4,8,4,1,1,0,1
slåss,2,2,0,0,1,0,1
gjenta,2,2,0,0,1,0,1
styre,1,3,2,1,1,0,1
bruke,1,3,2,1,1,1,1
bygge,1,2,1,1,1,-1,1
styre,1,11,10,1,1,0,1
skille,1,4,3,1,1,1,1
bruke,3,2,-1,-1,1,-1,1
gjemme,1,6,5,1,1,1,1
skrive,1,14,13,1,1,0,1
vise,3,2,-1,-1,1,0,1
gjøre,6,6,0,0,1,0,1
ha,4,2,-2,-1,1,0,1
få,2,3,1,1,1,0,1
få,2,6,4,1,1,0,1
få,1,17,16,1,1,0,1
underbygge,2,3,1,1,1,0,1
befinne,1,2,1,1,1,1,1
plassere,1,4,3,1,1,0,1
få,2,4,2,1,1,0,1
få,1,3,2,1,1,0,1
øke,1,3,2,1,1,0,1
skape,3,4,1,1,1,0,1
dele,1,3,2,1,1,0,1
spille,6,2,-4,-1,1,0,1
isolere,1,2,1,1,1,1,1
ta,1,2,1,1,1,0,1
skrive,1,7,6,1,1,0,1
få,3,2,-1,-1,1,0,1
vurdere,1,5,4,1,1,0,1
utføre,2,2,0,0,1,0,1
rette,2,3,1,1,1,0,1
utvikle,1,21,20,1,1,1,1
mobilisere,1,4,3,1,1,0,1
øke,1,4,3,1,1,0,1
ha,13,3,10,1,-1,0,1
miste,3,2,-1,-1,1,0,1
styrke,1,3,2,1,1,1,1
dele,1,2,1,1,1,0,1
lukke,1,2,1,1,1,0,1
bygge,3,2,-1,-1,1,0,1
lukke,1,5,4,1,1,0,1
bytte,1,4,3,1,1,0,1
ha,1,3,2,1,1,1,1
flytte,3,2,-1,-1,1,0,1
bekrefte,2,2,0,0,1,0,1
knytte,4,2,2,1,-1,1,1
få,2,2,0,0,1,-1,1
få,3,2,-1,-1,1,0,1
avvikle,1,4,3,1,1,0,1
nedsette,10,2,8,1,-1,0,1
slutte,1,2,1,1,1,1,1
oppnevne,6,3,3,1,-1,0,1
få,3,25,22,1,1,0,1
ha,2,2,0,0,1,0,1
konsentrere,1,8,7,1,1,1,1
fremsette,1,10,9,1,1,0,1
legge,2,4,2,1,1,0,1
ta,1,3,2,1,1,0,1
vurdere,5,8,3,1,1,0,1
bruke,4,4,0,0,1,0,1
basere,1,6,5,1,1,1,1
ta,1,8,7,1,1,0,1
knytte,5,4,-1,-1,1,0,1
arrangere,3,2,-1,-1,1,0,1
ha,16,20,4,1,1,0,1
innhente,3,3,0,0,1,0,1
ha,1,5,4,1,1,0,1
ha,3,3,0,0,1,0,1
ha,5,9,4,1,1,0,1
gi,5,6,1,1,1,0,1
tilpasse,2,3,1,1,1,0,1
formidle,2,8,6,1,1,0,1
vekke,1,2,1,1,1,0,1
ha,1,3,2,1,1,0,1
utfordre,1,4,3,1,1,0,1
erstatte,4,4,0,0,1,0,1
ivareta,7,4,-3,-1,1,0,1
fordele,1,8,7,1,1,0,1
uttale,1,4,3,1,1,1,1
etablere,3,4,1,1,1,0,1
ligne,2,6,4,1,1,0,1
forplikte,1,4,3,1,1,0,1
ha,2,3,1,1,1,0,1
holde,1,5,4,1,1,0,1
etablere,3,3,0,0,1,0,1
organisere,1,2,1,1,1,1,1
få,3,2,-1,-1,1,0,1
videreføre,4,9,5,1,1,0,1
utrede,8,4,-4,-1,1,0,1
etablere,3,2,-1,-1,1,0,1
ordne,5,5,0,0,1,0,1
ha,2,3,1,1,1,0,1
organisere,1,4,3,1,1,1,1
gjelde,31,2,29,1,-1,0,1
fremsette,1,8,7,1,1,0,1
legge,6,8,2,1,1,0,1
vurdere,1,13,12,1,1,0,1
ta,5,2,3,1,-1,1,1
fjerne,3,2,-1,-1,1,0,1
overføre,3,4,1,1,1,0,1
overføre,9,2,-7,-1,1,0,1
utfordre,1,2,-1,-1,-1,0,1
skaffe,15,2,13,1,-1,0,1
benytte,2,3,1,1,1,0,1
kreve,1,5,4,1,1,0,1
gjennomleve,1,7,6,1,1,0,1
utnytte,1,2,1,1,1,0,1
skille,1,8,7,1,1,1,1
ha,2,2,0,0,1,0,1
spre,1,3,2,1,1,0,1
gjødsle,1,8,7,1,1,0,1
befinne,1,8,7,1,1,1,1
skyldes,9,3,6,1,-1,0,1
ha,6,7,1,1,1,0,1
strekke,1,5,4,1,1,1,1
få,1,6,5,1,1,0,1
ha,2,2,0,0,1,0,1
få,3,4,1,1,1,0,1
prege,1,6,5,1,1,0,1
datere,1,4,3,1,1,1,1
ha,4,17,13,1,1,0,1
overta,3,7,4,1,1,0,1
drive,1,4,3,1,1,0,1
drive,1,2,1,1,1,0,1
drive,1,2,1,1,1,0,1
utvinne,1,10,9,1,1,0,1
produsere,8,4,-4,-1,1,0,1
samordne,3,5,2,1,1,0,1
ha,12,3,9,1,-1,0,1
ha,1,2,1,1,1,0,1
overføre,3,4,1,1,1,0,1
fatte,1,6,5,1,1,0,1
ha,25,2,23,1,-1,0,1
utarbeide,5,2,-3,-1,1,0,1
godkjenne,1,6,5,1,1,0,1
behandle,1,5,4,1,1,0,1
bistå,1,3,2,1,1,0,1
angå,1,2,1,1,1,0,1
utarbeide,11,15,4,1,1,0,1
bistå,1,10,9,1,1,0,1
ha,21,20,-1,-1,1,0,1
bistå,1,6,5,1,1,0,1
prioritere,6,8,2,1,1,0,1
forvalte,5,11,6,1,1,0,1
fremme,5,11,6,1,1,0,1
ta,1,2,1,1,1,0,1
ha,3,2,-1,-1,1,0,1
påvise,2,4,2,1,1,0,1
skrive,1,2,1,1,1,1,1
ha,2,4,2,1,1,0,1
ta,1,2,1,1,1,0,1
knytte,1,9,8,1,1,1,1
trafikkere,1,2,1,1,1,1,1
vinne,1,2,1,1,1,0,1
strekke,1,9,8,1,1,1,1
sone,2,2,0,0,1,0,1
sone,2,2,0,0,1,0,1
overta,2,18,16,1,1,0,1
anke,1,2,1,1,1,0,1
lade,1,3,2,1,1,1,1
legge,2,4,2,1,1,0,1
lese,1,2,1,1,1,1,1
beordre,1,2,1,1,1,0,1
ta,2,2,0,0,1,0,1
sette,1,3,2,1,1,1,1
spille,3,4,1,1,1,0,1
treffe,1,3,2,1,1,0,1
sette,1,4,3,1,1,0,1
få,2,2,0,0,1,0,1
spille,4,2,-2,-1,1,0,1
ta,3,3,0,0,1,0,1
ta,1,2,1,1,1,-1,1
ta,1,2,1,1,1,1,1
ta,2,2,0,0,1,0,1
følge,1,3,2,1,1,1,1
få,4,2,-2,-1,1,0,1
sikre,1,3,2,1,1,0,1
trene,1,2,1,1,1,0,1
gi,1,4,3,1,1,1,1
ha,2,2,0,0,1,0,1
ta,5,6,1,1,1,0,1
ha,3,2,-1,-1,1,0,1
gjøre,4,3,1,1,-1,-1,1
selge,1,4,3,1,1,1,1
forsøke,1,4,3,1,1,1,1
ha,3,3,0,0,1,0,1
sende,2,3,1,1,1,0,1
sende,2,2,0,0,1,0,1
kjøpe,2,6,4,1,1,0,1
kjøpe,3,7,4,1,1,0,1
representere,1,2,1,1,1,0,1
forhøye,1,2,1,1,1,0,1
gi,1,3,2,1,1,0,1
tildele,6,7,1,1,1,-1,1
gjøre,1,7,-6,-1,-1,-1,1
ha,3,4,1,1,1,0,1
få,22,2,20,1,-1,1,1
tildele,1,11,10,1,1,0,1
ta,1,3,2,1,1,1,1
selge,2,2,0,0,1,0,1
brenne,1,8,7,1,1,1,1
se,2,2,0,0,1,0,1
si,1,8,7,1,1,0,1
forlyste,1,7,6,1,1,1,1
ta,1,2,1,1,1,-1,1
utsette,1,11,10,1,1,0,1
svelge,1,4,3,1,1,0,1
gjøre,1,4,3,1,1,0,1
si,1,5,4,1,1,0,1
se,3,4,1,1,1,0,1
vise,7,5,-2,-1,1,0,1
skaffe,2,5,3,1,1,0,1
produsere,3,4,1,1,1,0,1
ha,2,2,0,0,1,0,1
få,1,2,1,1,1,0,1
ta,2,2,0,0,1,0,1
heve,1,3,2,1,1,0,1
sette,3,4,1,1,1,0,1
variere,1,2,1,1,1,0,1
få,1,2,1,1,1,0,1
innkassere,3,2,-1,-1,1,0,1
vente,2,4,2,1,1,0,1
ha,3,3,0,0,1,0,1
klare,1,3,2,1,1,1,1
treffe,1,3,2,1,1,1,1
gifte,1,6,5,1,1,1,1
vekke,1,2,1,1,1,0,1
gifte,1,3,2,1,1,1,1
drive,3,2,-1,-1,1,0,1
se,6,3,-3,-1,1,0,1
lese,3,4,1,1,1,0,1
slå,1,3,2,1,1,0,1
lese,3,4,1,1,1,0,1
forlate,1,2,1,1,1,0,1
løsne,1,2,1,1,1,0,1
kaste,1,5,4,1,1,0,1
vente,1,2,1,1,1,0,1
holde,1,3,2,1,1,1,1
ha,1,2,1,1,1,0,1
få,3,2,-1,-1,1,0,1
henlegge,1,4,3,1,1,0,1
ta,4,8,4,1,1,0,1
treffe,4,2,-2,-1,1,0,1
åpne,8,4,4,1,-1,0,1
befinne,1,6,5,1,1,1,1
ha,2,2,0,0,-1,0,1
be,1,7,6,1,1,0,1
gjøre,1,4,3,1,1,1,1
skrive,3,2,-1,-1,1,0,1
bygge,1,2,1,1,1,0,1
registrere,1,2,1,1,1,0,1
erstatte,2,3,1,1,1,0,1
ta,1,2,-1,-1,-1,0,1
få,4,2,2,1,-1,0,1
sende,1,2,1,1,1,0,1
finne,1,9,8,1,1,0,1
gjøre,1,4,3,1,1,0,1
ha,2,19,17,1,1,0,1
ha,2,2,0,0,-1,1,1
få,3,3,0,0,1,0,1
overføre,3,19,16,1,1,0,1
føre,1,3,2,1,1,0,1
se,11,4,-7,-1,1,0,1
betale,1,3,2,1,1,0,1
sette,3,2,1,1,-1,0,1
gjøre,1,2,1,1,1,0,1
ha,1,4,3,1,1,0,1
møte,5,2,-3,-1,1,0,1
slippe,2,3,1,1,1,0,1
møte,2,2,0,0,1,0,1
bety,2,2,0,0,1,0,1
legge,1,2,1,1,1,-1,1
ta,3,2,-1,-1,1,0,1
true,3,2,-1,-1,1,0,1
forverre,1,2,1,1,1,0,1
øke,9,6,-3,-1,1,0,1
skape,2,2,0,0,1,-1,1
kritisere,1,3,2,1,1,1,1
latterliggjøre,2,7,5,1,1,0,1
kaste,1,2,1,1,1,1,1
snakke,1,5,4,1,1,0,1
få,2,7,5,1,1,0,1
ta,3,2,-1,-1,1,0,1
stanse,2,2,0,0,1,0,1
ta,1,4,3,1,1,0,1
motta,1,3,2,1,1,0,1
ha,3,3,0,0,1,0,1
si,1,2,1,1,1,1,1
diskutere,2,5,3,1,1,0,1
avskjære,1,3,2,1,1,0,1
fortrenge,3,2,-1,-1,1,0,1
bringe,3,3,0,0,1,0,1
offentliggjøre,34,2,32,1,-1,0,1
produsere,4,2,-2,-1,1,0,1
utvikle,2,2,0,0,1,0,1
feste,1,3,2,1,1,0,1
stille,1,2,1,1,1,1,1
takke,1,2,1,1,1,0,1
drive,1,2,1,1,1,0,1
knytte,1,4,3,1,1,1,1
ta,2,2,0,0,-1,0,1
gi,4,3,-1,-1,1,0,1
legge,4,2,2,1,-1,0,1
importere,1,16,15,1,1,0,1
holde,1,4,3,1,1,1,1
ta,1,2,1,1,1,0,1
uttale,1,8,7,1,1,0,1
diskutere,1,4,3,1,1,0,1
diskutere,1,4,3,1,1,1,1
trosse,5,9,4,1,1,0,1
ta,1,2,-1,-1,-1,0,1
ta,3,2,1,1,-1,0,1
ha,2,2,0,0,1,0,1
rette,1,8,7,1,1,0,1
førstegangsregistrere,3,2,-1,-1,1,0,1
ha,5,6,1,1,1,0,1
få,6,7,1,1,1,0,1
opprettholde,3,2,-1,-1,1,0,1
legge,4,2,-2,-1,1,0,1
gi,3,2,-1,-1,1,0,1
fremme,6,4,-2,-1,1,0,1
fremme,7,2,-5,-1,1,0,1
fremme,1,3,2,1,1,1,1
betale,6,4,-2,-1,1,0,1
betale,1,6,5,1,1,0,1
ta,1,3,2,1,1,0,1
godta,4,2,-2,-1,1,0,1
gi,2,8,6,1,1,0,1
gi,1,3,2,1,1,0,1
innføre,4,2,-2,-1,1,0,1
begrense,6,2,-4,-1,1,0,1
unnta,9,4,-5,-1,1,0,1
vurdere,2,2,0,0,1,0,1
bringe,1,8,7,1,1,0,1
knytte,3,2,1,1,-1,1,1
ta,1,3,2,1,1,0,1
fremme,6,2,-4,-1,1,0,1
tiltrekke,1,6,5,1,1,0,1
spørre,1,5,4,1,1,0,1
utnytte,1,3,2,1,1,0,1
bevilge,1,3,2,1,1,0,1
importere,4,2,-2,-1,1,0,1
importere,2,2,0,0,1,0,1
skaffe,9,3,-6,-1,1,0,1
få,3,5,2,1,1,0,1
få,1,2,-1,-1,-1,0,1
bygge,1,8,7,1,1,-1,1
gi,1,14,13,1,1,0,1
se,1,3,2,1,1,1,1
unnta,1,4,3,1,1,0,1
importere,2,5,3,1,1,0,1
ha,2,2,0,0,1,-1,1
bygge,1,7,6,1,1,-1,1
stille,2,2,0,0,1,0,1
sette,3,2,1,1,-1,0,1
redusere,1,13,12,1,1,0,1
eksportere,2,2,0,0,1,0,1
ha,3,2,-1,-1,1,-1,1
løse,3,3,0,0,1,0,1
øke,1,2,1,1,1,-1,1
ha,21,2,19,1,-1,0,1
velge,1,2,1,1,1,0,1
akseptere,4,6,2,1,1,0,1
myke,3,4,1,1,1,0,1
ta,3,2,-1,-1,1,0,1
representere,2,3,1,1,1,0,1
ha,3,4,1,1,1,0,1
begrense,2,5,3,1,1,0,1
få,1,2,1,1,1,0,1
ha,2,2,0,0,1,0,1
ta,3,6,3,1,1,0,1
tilby,1,3,2,1,1,0,1
stille,1,5,4,1,1,0,1
stille,1,24,23,1,1,0,1
fortsette,3,2,-1,-1,1,0,1
ha,1,12,11,1,1,1,1
gi,2,2,0,0,1,0,1
stille,1,2,1,1,1,0,1
ta,3,11,8,1,1,0,1
finne,4,2,-2,-1,1,0,1
ha,3,3,0,0,1,0,1
ha,2,2,0,0,1,0,1
ha,2,3,1,1,1,0,1
ta,1,2,1,1,1,-1,1
bevilge,1,2,1,1,1,0,1
ha,5,2,-3,-1,1,0,1
opprettholde,6,5,-1,-1,1,0,1
ha,2,2,0,0,1,0,1
få,2,7,5,1,1,0,1
favorisere,2,3,1,1,1,0,1
få,2,3,1,1,1,0,1
øke,1,2,1,1,1,0,1
ha,2,14,12,1,1,0,1
få,1,12,11,1,1,0,1
få,1,10,9,1,1,0,1
ta,1,10,9,1,1,0,1
ha,2,2,0,0,1,0,1
ha,3,3,0,0,1,0,1
gifte,1,7,6,1,1,1,1
gifte,1,6,5,1,1,1,1
gifte,1,4,3,1,1,1,1
gi,1,19,18,1,1,0,1
få,1,4,3,1,1,0,1
drive,2,5,3,1,1,0,1
følge,2,3,1,1,1,0,1
basere,2,3,1,1,1,0,1
fremme,2,18,16,1,1,0,1
oppnå,1,12,11,1,1,0,1
inspirere,1,2,1,1,1,1,1
løfte,1,9,8,1,1,0,1
komme,2,2,0,0,1,0,1
trenge,3,4,1,1,1,0,1
mobilisere,2,8,6,1,1,0,1
bruke,2,4,2,1,1,0,1
knytte,1,5,4,1,1,1,1
stille,1,5,4,1,1,1,1
vurdere,2,3,1,1,1,0,1
kjøpe,2,3,1,1,1,0,1
produsere,1,3,2,1,1,0,1
styrke,2,16,14,1,1,0,1
forvente,1,3,2,1,1,0,1
avgi,1,2,1,1,1,0,1
fortsette,6,3,-3,-1,1,0,1
fremme,2,4,2,1,1,0,1
gi,11,5,-6,-1,1,0,1
spille,3,8,5,1,1,0,1
ta,2,11,9,1,1,0,1
utvikle,7,10,3,1,1,0,1
ønske,3,5,2,1,1,0,1
bruke,2,5,3,1,1,0,1
sikre,1,6,5,1,1,0,1
si,1,2,1,1,1,1,1
fremme,1,2,1,1,1,0,1
utgjøre,2,2,0,0,1,0,1
ha,2,11,9,1,1,0,1
invitere,4,4,0,0,1,0,1
utvide,1,2,1,1,1,0,1
forankre,1,7,6,1,1,0,1
redusere,2,5,3,1,1,0,1
tilpasse,2,3,1,1,1,0,1
kjøpe,1,3,2,1,1,0,1
hjelpe,1,6,5,1,1,0,1
innføre,1,5,4,1,1,0,1
ha,1,3,2,1,1,0,1
legge,2,2,0,0,1,0,1
bedre,1,7,6,1,1,0,1
henge,1,2,1,1,1,0,1
avholde,1,2,1,1,1,0,1
peke,2,12,10,1,1,0,1
lede,1,2,1,1,1,0,1
forlate,3,2,-1,-1,1,0,1
få,3,2,-1,-1,1,0,1
beskrive,1,3,2,1,1,0,1
dra,3,2,-1,-1,1,-1,1
utføre,1,17,16,1,1,0,1
ha,6,2,4,1,-1,0,1
klare,5,5,0,0,1,0,1
ha,2,5,3,1,1,0,1
ta,1,2,1,1,1,0,1
slippe,1,3,2,1,1,0,1
spille,3,2,-1,-1,1,0,1
befinne,1,6,5,1,1,1,1
ta,1,2,1,1,1,0,1
ta,3,2,-1,-1,1,0,1
stjele,2,4,2,1,1,0,1
sikre,8,4,-4,-1,1,0,1
kysse,1,2,1,1,1,0,1
dele,1,2,1,1,1,0,1
dele,1,6,5,1,1,0,1
ta,8,2,6,1,-1,1,1
forlate,1,8,7,1,1,0,1
beholde,1,8,7,1,1,0,1
bruke,1,3,2,1,1,0,1
utvide,2,4,2,1,1,0,1
finne,1,11,10,1,1,1,1
ta,2,2,0,0,1,0,1
samle,1,4,3,1,1,1,1
kaste,1,3,2,1,1,0,1
sette,1,2,1,1,1,0,1
male,5,2,3,1,-1,0,0
skrive,1,2,-1,-1,-1,0,0
miste,1,6,-5,-1,-1,0,0
miste,1,2,-1,-1,-1,0,0
få,2,4,-2,-1,-1,0,0
få,8,2,6,1,-1,0,0
sende,1,5,-4,-1,-1,0,0
bringe,1,3,-2,-1,-1,0,0
ta,1,6,-5,-1,-1,0,0
få,1,7,-6,-1,-1,0,0
score,3,2,1,1,-1,0,0
møte,2,2,0,0,-1,0,0
forsvare,1,3,-2,-1,-1,0,0
holde,1,5,-4,-1,-1,0,0
ta,3,11,-8,-1,-1,0,0
uttale,1,2,-1,-1,-1,-1,0
ta,4,4,0,0,1,0,0
unnskylde,7,3,-4,-1,1,1,0
ha,1,4,-3,-1,-1,0,0
ønske,2,2,0,0,-1,0,0
drepe,3,6,-3,-1,-1,0,0
sende,2,3,-1,-1,-1,0,0
skrape,1,2,-1,-1,-1,0,0
gjøre,1,2,-1,-1,-1,-1,0
bringe,12,2,-10,-1,1,0,0
miste,1,2,-1,-1,-1,0,0
gi,1,7,-6,-1,-1,0,0
droppe,1,4,-3,-1,-1,0,0
legge,9,6,3,1,-1,0,0
legge,2,17,-15,-1,-1,0,0
miste,1,2,-1,-1,-1,0,0
dukke,3,6,-3,-1,-1,0,0
ta,2,2,0,0,-1,0,0
lagre,1,3,-2,-1,-1,-1,0
sende,2,2,0,0,-1,0,0
få,1,15,-14,-1,-1,0,0
sende,1,10,-9,-1,-1,0,0
offentliggjøre,1,4,-3,-1,-1,0,0
holde,1,2,-1,-1,-1,-1,0
tjene,3,2,1,1,-1,0,0
sitte,1,2,-1,-1,-1,-1,0
løfte,1,3,-2,-1,-1,0,0
treffe,1,4,-3,-1,-1,-1,0
forberede,1,3,-2,-1,-1,-1,0
bruke,2,2,0,0,-1,1,0
sette,2,3,-1,-1,-1,0,0
true,2,2,0,0,-1,0,0
utføre,1,3,-2,-1,-1,0,0
holde,1,6,-5,-1,-1,0,0
skifte,1,2,-1,-1,-1,0,0
ha,2,2,0,0,-1,0,0
skille,3,9,-6,-1,-1,0,0
ha,4,2,2,1,-1,0,0
snakke,1,2,-1,-1,-1,-1,0
få,5,2,3,1,-1,0,0
møte,1,3,-2,-1,-1,-1,0
knuse,1,2,-1,-1,-1,-1,0
si,1,3,-2,-1,-1,-1,0
betrakte,3,3,0,0,-1,-1,0
forholde,1,6,-5,-1,-1,0,0
fortsette,1,2,-1,-1,-1,0,0
plukke,3,4,-1,-1,-1,0,0
se,9,2,7,1,-1,0,0
ha,1,2,-1,-1,-1,1,0
legge,1,2,-1,-1,-1,-1,0
måle,1,6,-5,-1,-1,-1,0
formidle,3,2,1,1,-1,0,0
vurdere,2,3,-1,-1,-1,0,0
få,8,21,-13,-1,-1,0,0
steke,1,3,-2,-1,-1,-1,0
introdusere,1,3,-2,-1,-1,-1,0
gå,2,14,-12,-1,-1,0,0
lese,1,4,-3,-1,-1,0,0
sjå,12,2,-10,-1,1,-1,0
ta,11,7,4,1,-1,0,0
ta,6,2,-4,-1,1,0,0
ta,3,2,-1,-1,1,0,0
ha,2,2,0,0,-1,0,0
ta,6,2,-4,-1,1,0,0
ta,2,2,0,0,1,0,0
ta,1,2,-1,-1,-1,-1,0
kome,1,2,-1,-1,-1,0,0
lese,1,3,-2,-1,-1,0,0
lese,1,3,-2,-1,-1,0,0
avvise,6,17,-11,-1,-1,0,0
etterlikne,3,3,0,0,-1,0,0
lese,1,4,-3,-1,-1,0,0
setje,1,10,-9,-1,-1,0,0
ha,1,2,-1,-1,-1,0,0
løne,3,5,-2,-1,-1,1,0
ta,1,4,-3,-1,-1,0,0
gjere,1,4,-3,-1,-1,0,0
ta,1,3,-2,-1,-1,-1,0
få,3,2,1,1,-1,0,0
ta,1,4,-3,-1,-1,0,0
spele,3,3,0,0,-1,0,0
kome,2,2,0,0,-1,0,0
prise,2,3,-1,-1,-1,0,0
halde,1,5,-4,-1,-1,0,0
bøye,1,3,-2,-1,-1,-1,0
endre,3,2,-1,-1,1,0,0
bringe,1,3,-2,-1,-1,-1,0
føre,1,5,-4,-1,-1,0,0
byggje,1,12,-11,-1,-1,0,0
vie,1,2,-1,-1,-1,0,0
finne,2,24,-22,-1,-1,0,0
krevje,3,4,1,1,1,0,0
hente,1,3,-2,-1,-1,0,0
publisere,1,2,-1,-1,-1,-1,0
vekkje,1,6,-5,-1,-1,0,0
bake,1,2,-1,-1,-1,0,0
ta,1,3,-2,-1,-1,0,0
møte,1,2,-1,-1,-1,-1,0
lagre,1,2,-1,-1,-1,0,0
velte,1,13,-12,-1,-1,0,0
sove,2,4,-2,-1,-1,0,0
fylle,1,5,-4,-1,-1,0,0
kose,1,2,-1,-1,-1,-1,0
møte,1,3,-2,-1,-1,-1,0
få,1,3,-2,-1,-1,-1,0
få,3,3,0,0,-1,0,0
ta,1,2,-1,-1,-1,1,0
setje,1,2,-1,-1,-1,-1,0
koke,1,2,-1,-1,-1,0,0
setje,1,3,-2,-1,-1,0,0
skjere,1,2,-1,-1,-1,0,0
dele,3,2,1,1,-1,-1,0
ha,4,3,1,1,-1,0,0
putte,8,3,5,1,-1,0,0
leggje,1,2,-1,-1,-1,-1,0
leggje,1,4,-3,-1,-1,-1,0
strø,4,2,2,1,-1,0,0
bake,2,2,0,0,-1,0,0
ha,1,2,-1,-1,-1,-1,0
setje,1,3,-2,-1,-1,0,0
ha,3,4,-1,-1,-1,0,0
servere,1,10,-9,-1,-1,0,0
finne,1,3,-2,-1,-1,0,0
finne,3,2,1,1,-1,0,0
ha,4,2,2,1,-1,0,0
lage,1,4,-3,-1,-1,0,0
leggje,2,4,-2,-1,-1,0,0
samle,1,2,-1,-1,-1,-1,0
helle,2,4,-2,-1,-1,0,0
ha,10,3,7,1,-1,0,0
leggje,1,3,-2,-1,-1,0,0
leggje,1,2,-1,-1,-1,0,0
binde,1,4,-3,-1,-1,-1,0
fylle,1,4,-3,-1,-1,0,0
skru,1,3,-2,-1,-1,0,0
få,1,5,-4,-1,-1,0,0
montere,1,2,-1,-1,-1,0,0
pynte,1,4,-3,-1,-1,0,0
tvinge,2,3,-1,-1,-1,0,0
godgjere,1,2,-1,-1,-1,-1,0
gjere,1,2,-1,-1,-1,0,0
sjå,2,4,-2,-1,-1,0,0
setje,1,2,-1,-1,-1,-1,0
ta,2,10,-8,-1,-1,0,0
ta,3,3,0,0,-1,0,0
få,2,4,-2,-1,-1,0,0
knuse,1,4,-3,-1,-1,0,0
sjå,2,4,-2,-1,-1,0,0
lempe,5,2,3,1,-1,0,0
ta,1,6,-5,-1,-1,-1,0
ha,2,2,0,0,-1,0,0
sameine,3,9,-6,-1,-1,0,0
leggje,2,6,-4,-1,-1,0,0
møte,1,8,-7,-1,-1,-1,0
markere,1,5,-4,-1,-1,0,0
strekke,1,2,-1,-1,-1,-1,0
leggje,1,2,-1,-1,-1,0,0
ha,2,3,-1,-1,-1,0,0
utvikle,1,3,-2,-1,-1,-1,0
lese,6,2,4,1,-1,0,0
ta,6,2,-4,-1,1,0,0
inkorporere,1,23,-22,-1,-1,-1,0
utfalde,1,8,-7,-1,-1,-1,0
utfalde,1,24,-23,-1,-1,-1,0
forankre,1,8,-7,-1,-1,0,0
støtte,1,4,-3,-1,-1,-1,0
sjå,7,7,0,0,-1,0,0
leggje,4,4,0,0,-1,0,0
ha,1,2,1,1,1,-1,0
handsame,2,2,0,0,-1,0,0
handsame,1,5,-4,-1,-1,0,0
drepe,1,2,-1,-1,-1,0,0
setje,2,4,-2,-1,-1,0,0
dra,3,2,1,1,-1,0,0
ta,1,5,-4,-1,-1,0,0
ha,10,2,-8,-1,1,-1,0
skrive,7,2,5,1,-1,0,0
kaste,2,3,-1,-1,-1,0,0
drepe,2,2,0,0,-1,0,0
drepe,1,6,-5,-1,-1,0,0
setje,3,2,1,1,-1,0,0
dra,2,4,-2,-1,-1,0,0
ta,1,2,-1,-1,-1,0,0
spele,1,6,-5,-1,-1,0,0
kaste,1,4,-3,-1,-1,0,0
gjere,1,2,-1,-1,-1,-1,0
oppsøkje,5,2,-3,-1,1,0,0
lese,1,2,-1,-1,-1,0,0
kritisere,1,5,-4,-1,-1,0,0
samanlikne,10,4,6,1,-1,0,0
skape,3,6,-3,-1,-1,0,0
kjøpe,2,4,-2,-1,-1,0,0
setje,1,2,-1,-1,-1,0,0
ete,1,3,-2,-1,-1,0,0
lage,2,2,0,0,-1,0,0
vanstyre,4,4,0,0,-1,0,0
kritisere,1,13,-12,-1,-1,0,0
gje,2,2,0,0,-1,0,0
planleggje,1,3,-2,-1,-1,-1,0
redusere,3,2,1,1,-1,0,0
sjå,1,6,-5,-1,-1,-1,0
sjå,1,4,-3,-1,-1,-1,0
sjå,1,10,-9,-1,-1,-1,0
ete,2,6,-4,-1,-1,0,0
ta,3,12,-9,-1,-1,0,0
seie,1,6,-5,-1,-1,-1,0
ha,3,2,1,1,-1,0,0
finansiere,2,6,-4,-1,-1,0,0
overføre,6,4,2,1,-1,0,0
gjere,2,3,-1,-1,-1,0,0
få,5,4,1,1,-1,0,0
få,5,3,2,1,-1,0,0
hjelpe,3,2,1,1,-1,0,0
seie,1,4,-3,-1,-1,0,0
ha,2,4,-2,-1,-1,0,0
love,1,15,-14,-1,-1,0,0
diskutere,1,2,-1,-1,-1,1,0
få,5,2,-3,-1,1,0,0
sparke,1,3,-2,-1,-1,0,0
ha,2,2,0,0,-1,1,0
ha,1,3,-2,-1,-1,0,0
overlate,1,2,-1,-1,-1,-1,0
take,1,2,1,1,1,0,0
ha,2,9,-7,-1,-1,0,0
ta,2,2,0,0,1,-1,0
gje,2,4,-2,-1,-1,0,0
gjere,1,2,-1,-1,-1,-1,0
finansiere,1,2,-1,-1,-1,0,0
take,2,2,0,0,1,-1,0
take,1,5,-4,-1,-1,1,0
tilsetje,1,8,-7,-1,-1,-1,0
trekkje,2,5,-3,-1,-1,0,0
skilje,1,2,-1,-1,-1,-1,0
sprette,1,6,-5,-1,-1,0,0
tilsetje,1,3,-2,-1,-1,0,0
uttrykkje,2,2,0,0,-1,0,0
vente,1,22,-21,-1,-1,0,0
ta,1,20,-19,-1,-1,0,0
skrive,1,3,-2,-1,-1,1,0
guide,1,17,-16,-1,-1,0,0
livnære,1,3,-2,-1,-1,-1,0
ofre,1,9,-8,-1,-1,0,0
finnast,3,7,-4,-1,-1,0,0
kikke,1,2,-1,-1,-1,-1,0
forvalte,2,4,-2,-1,-1,0,0
kartleggje,1,3,-2,-1,-1,0,0
få,1,2,-1,-1,-1,0,0
teikne,5,7,-2,-1,-1,0,0
formidle,5,5,0,0,-1,0,0
melde,1,4,-3,-1,-1,0,0
setje,1,2,-1,-1,-1,0,0
spele,4,2,2,1,-1,0,0
leve,4,6,-2,-1,-1,0,0
framføre,2,2,0,0,-1,0,0
fylle,1,5,-4,-1,-1,0,0
melde,1,2,-1,-1,-1,-1,0
brennmerke,1,6,-5,-1,-1,0,0
rette,2,13,-11,-1,-1,0,0
få,1,3,-2,-1,-1,0,0
fylle,3,5,-2,-1,-1,0,0
hindre,3,2,1,1,-1,0,0
hjelpe,1,3,-2,-1,-1,0,0
gjere,1,3,-2,-1,-1,-1,0
skilje,1,2,-1,-1,-1,0,0
drive,2,2,0,0,-1,0,0
setje,1,5,-4,-1,-1,0,0
ha,5,2,3,1,-1,0,0
etablere,1,12,-11,-1,-1,-1,0
tilby,1,4,-3,-1,-1,0,0
etablere,1,2,-1,-1,-1,-1,0
skyte,1,2,-1,-1,-1,-1,0
tilby,1,8,-7,-1,-1,0,0
verne,3,4,-1,-1,-1,0,0
tene,2,3,-1,-1,-1,0,0
pleie,2,5,-3,-1,-1,0,0
ha,1,4,-3,-1,-1,0,0
sjå,1,6,-5,-1,-1,-1,0
ta,6,2,-4,-1,1,-1,0
leggje,1,6,-5,-1,-1,0,0
oppleve,2,2,0,0,-1,0,0
seie,3,2,1,1,-1,0,0
knyte,1,3,-2,-1,-1,0,0
bere,1,2,-1,-1,-1,0,0
gange,6,3,-3,-1,1,0,0
døme,1,3,-2,-1,-1,0,0
få,1,8,-7,-1,-1,0,0
feire,2,4,-2,-1,-1,0,0
fremje,3,6,-3,-1,-1,0,0
få,4,2,2,1,-1,0,0
få,2,9,-7,-1,-1,0,0
gi,3,3,0,0,-1,0,0
heve,1,9,-8,-1,-1,0,0
bry,1,2,-1,-1,-1,-1,0
diskutere,1,2,-1,-1,-1,-1,0
overlevere,1,3,-2,-1,-1,0,0
kjenne,2,3,-1,-1,-1,0,0
ha,2,2,0,0,-1,0,0
undre,1,3,-2,-1,-1,-1,0
sende,2,3,-1,-1,-1,0,0
byte,10,5,5,1,-1,0,0
frigjere,1,2,-1,-1,-1,0,0
sjå,17,2,-15,-1,1,-1,0
slå,1,4,-3,-1,-1,0,0
ta,1,2,-1,-1,-1,-1,0
ha,2,9,-7,-1,-1,0,0
publisere,2,5,-3,-1,-1,0,0
finne,2,2,0,0,-1,0,0
ha,2,2,0,0,-1,0,0
engasjere,1,2,-1,-1,-1,-1,0
utdane,1,2,-1,-1,-1,0,0
ha,2,4,-2,-1,-1,0,0
teste,1,2,-1,-1,-1,0,0
teste,3,3,0,0,-1,0,0
ha,2,4,-2,-1,-1,0,0
skilje,1,2,-1,-1,-1,0,0
ta,1,2,-1,-1,-1,0,0
nytte,8,2,-6,-1,1,0,0
skaffe,1,7,-6,-1,-1,0,0
prøve,2,5,-3,-1,-1,0,0
påverke,1,5,-4,-1,-1,-1,0
kutte,1,3,-2,-1,-1,0,0
avlaste,1,4,-3,-1,-1,0,0
setje,3,2,-1,-1,1,0,0
gjere,1,11,-10,-1,-1,-1,0
lese,4,3,1,1,-1,0,0
setje,1,2,-1,-1,-1,0,0
nytte,4,4,0,0,-1,0,0
overføre,14,3,-11,-1,1,0,0
møte,1,2,-1,-1,-1,0,0
ha,4,17,-13,-1,-1,0,0
fullfinansiere,1,3,-2,-1,-1,0,0
halvere,1,4,-3,-1,-1,0,0
motta,2,2,0,0,-1,0,0
motta,2,2,0,0,-1,0,0
vende,1,2,-1,-1,-1,0,0
leggje,2,2,0,0,-1,0,0
skrive,2,5,-3,-1,-1,0,0
nytte,2,5,-3,-1,-1,0,0
gjere,1,5,-4,-1,-1,-1,0
sjukmelde,1,4,-3,-1,-1,-1,0
få,10,5,5,1,-1,0,0
få,2,2,0,0,-1,0,0
lage,3,6,-3,-1,-1,0,0
skrive,3,4,-1,-1,-1,0,0
gløyme,4,7,-3,-1,-1,0,0
leggje,1,3,-2,-1,-1,-1,0
nytte,2,2,0,0,-1,0,0
produsere,3,4,-1,-1,-1,0,0
skape,2,2,0,0,-1,0,0
ha,26,2,-24,-1,1,0,0
løne,1,2,-1,-1,-1,-1,0
konsentrere,1,5,-4,-1,-1,-1,0
kutte,2,14,-12,-1,-1,0,0
få,4,2,-2,-1,1,0,0
hente,1,3,-2,-1,-1,0,0
berge,1,2,-1,-1,-1,0,0
velje,1,3,2,1,1,0,0
gje,1,2,-1,-1,-1,0,0
ha,9,2,7,1,-1,0,0
samanlikne,1,11,-10,-1,-1,-1,0
skjere,1,3,-2,-1,-1,0,0
gjere,1,2,-1,-1,-1,-1,0
gjere,1,2,-1,-1,-1,-1,0
innføre,1,4,-3,-1,-1,0,0
få,1,2,1,1,1,0,0
ha,3,6,-3,-1,-1,0,0
skjere,1,3,-2,-1,-1,0,0
brenne,1,2,-1,-1,-1,0,0
berge,2,3,-1,-1,-1,0,0
legitimere,1,2,-1,-1,-1,1,0
provosere,1,8,-7,-1,-1,0,0
spegle,1,18,-17,-1,-1,-1,0
omgje,1,4,-3,-1,-1,0,0
bane,1,5,-4,-1,-1,0,0
ta,3,2,-1,-1,1,-1,0
kritisere,1,4,-3,-1,-1,0,0
utvikle,1,2,-1,-1,-1,-1,0
ha,4,32,-28,-1,-1,0,0
jamføre,2,3,-1,-1,-1,0,0
undersøkje,9,6,3,1,-1,0,0
svare,5,6,-1,-1,-1,0,0
fylgje,2,2,0,0,-1,0,0
tape,3,2,1,1,-1,0,0
tape,3,2,1,1,-1,0,0
gjere,1,2,-1,-1,-1,0,0
gjere,1,2,-1,-1,-1,0,0
mangle,1,2,-1,-1,-1,0,0
få,1,2,-1,-1,-1,0,0
sope,1,4,-3,-1,-1,0,0
få,6,4,2,1,-1,0,0
få,6,2,4,1,-1,0,0
gje,1,2,-1,-1,-1,0,0
få,2,6,-4,-1,-1,0,0
tene,4,3,1,1,-1,0,0
auke,2,5,-3,-1,-1,0,0
støtte,1,7,-6,-1,-1,0,0
setje,3,4,-1,-1,-1,0,0
investere,3,4,-1,-1,-1,0,0
hanke,4,6,-2,-1,-1,0,0
påverke,6,5,-1,-1,1,0,0
ta,5,2,3,1,-1,0,0
kople,1,6,-5,-1,-1,-1,0
praktisere,1,3,-2,-1,-1,-1,0
ha,1,5,-4,-1,-1,0,0
plage,1,3,-2,-1,-1,-1,0
fryse,1,2,1,1,1,-1,0
halde,1,4,-3,-1,-1,-1,0
hive,2,2,0,0,-1,1,0
sende,3,4,-1,-1,-1,0,0
følgje,2,9,-7,-1,-1,0,0
føre,1,13,-12,-1,-1,0,0
leve,3,4,-1,-1,-1,0,0
gå,1,2,-1,-1,-1,0,0
openberre,1,2,-1,-1,-1,1,0
oppleve,1,13,-12,-1,-1,-1,0
ta,2,6,-4,-1,-1,0,0
ha,7,2,-5,-1,1,0,0
gjere,1,3,-2,-1,-1,0,0
høve,1,9,-8,-1,-1,-1,0
kalle,2,13,-11,-1,-1,0,0
lyse,4,2,2,1,-1,0,0
forstå,1,2,-1,-1,-1,-1,0
bruke,1,4,-3,-1,-1,-1,0
ha,4,10,-6,-1,-1,0,0
brøle,1,4,-3,-1,-1,0,0
stadfeste,5,2,-3,-1,1,0,0
ha,3,6,-3,-1,-1,0,0
hente,1,7,-6,-1,-1,0,0
ta,1,3,-2,-1,-1,0,0
få,1,9,-8,-1,-1,0,0
skildre,1,2,1,1,1,0,0
føye,1,2,-1,-1,-1,-1,0
berge,1,3,-2,-1,-1,1,0
kvele,1,2,-1,-1,-1,-1,0
ta,18,2,-16,-1,1,-1,0
berge,1,3,-2,-1,-1,1,0
ta,2,2,0,0,1,-1,0
ha,2,3,-1,-1,-1,0,0
sjå,1,3,-2,-1,-1,0,0
drive,2,2,0,0,-1,0,0
røre,1,3,-2,-1,-1,-1,0
prøve,1,2,-1,-1,-1,-1,0
betale,1,3,-2,-1,-1,0,0
få,4,2,2,1,-1,0,0
skape,5,4,1,1,-1,0,0
binde,6,22,-16,-1,-1,0,0
sikre,2,7,-5,-1,-1,0,0
kome,1,2,-1,-1,-1,0,0
gjere,1,2,-1,-1,-1,1,0
ta,1,5,-4,-1,-1,0,0
breie,1,3,-2,-1,-1,-1,0
ha,2,2,0,0,-1,0,0
få,3,9,-6,-1,-1,0,0
stelle,1,4,-3,-1,-1,-1,0
redusere,1,2,-1,-1,-1,0,0
sjå,1,9,-8,-1,-1,-1,0
undergrave,1,14,-13,-1,-1,0,0
ta,4,2,2,1,-1,0,0
leggje,3,3,0,0,-1,0,0
erfare,2,2,0,0,-1,0,0
ta,2,2,0,0,-1,0,0
endre,1,2,-1,-1,-1,0,0
forskyve,1,2,-1,-1,-1,-1,0
ureine,4,2,-2,-1,1,0,0
redusere,2,3,-1,-1,-1,0,0
krevje,4,12,-8,-1,-1,0,0
redde,1,2,-1,-1,-1,0,0
stogge,2,2,0,0,-1,0,0
gje,2,2,0,0,-1,0,0
jukse,2,2,0,0,1,0,0
kare,5,2,-3,-1,1,-1,0
bruke,1,2,-1,-1,-1,0,0
gjere,1,2,-1,-1,-1,-1,0
mute,1,3,-2,-1,-1,0,0
ta,9,4,5,1,-1,0,0
nå,1,2,-1,-1,-1,0,0
tene,5,11,-6,-1,-1,0,0
mute,2,2,0,0,-1,0,0
gje,3,10,-7,-1,-1,0,0
skape,1,3,-2,-1,-1,0,0
forhalde,1,7,-6,-1,-1,0,0
forhalde,1,7,-6,-1,-1,-1,0
syngje,1,2,-1,-1,-1,1,0
høve,1,5,-4,-1,-1,-1,0
røre,1,5,-4,-1,-1,-1,0
gje,2,6,-4,-1,-1,0,0
likne,2,2,0,0,-1,0,0
naske,2,2,0,0,-1,0,0
hente,1,6,-5,-1,-1,0,0
få,6,2,4,1,-1,0,0
sjå,2,3,-1,-1,-1,0,0
oppleve,3,4,-1,-1,-1,0,0
ta,2,2,0,0,-1,0,0
nappe,7,2,-5,-1,1,-1,0
vinne,1,5,-4,-1,-1,0,0
ordne,1,6,-5,-1,-1,-1,0
slå,1,2,-1,-1,-1,-1,0
kome,1,2,-1,-1,-1,-1,0
okkupere,5,2,-3,-1,1,0,0
ta,4,2,2,1,-1,0,0
lage,2,2,0,0,-1,0,0
dreie,3,6,-3,-1,-1,0,0
sjå,17,2,-15,-1,1,-1,0
få,4,3,1,1,-1,0,0
tøme,1,2,-1,-1,-1,0,0
suge,3,2,-1,-1,1,-1,0
gjere,1,3,-2,-1,-1,-1,0
plukke,1,2,-1,-1,-1,0,0
sjå,1,2,-1,-1,-1,1,0
ta,1,8,-7,-1,-1,0,0
ha,2,4,-2,-1,-1,0,0
få,4,5,-1,-1,-1,0,0
prøve,5,5,0,0,-1,0,0
gjere,1,2,-1,-1,-1,-1,0
sjå,1,2,-1,-1,-1,0,0
lade,1,2,-1,-1,-1,0,0
heve,1,3,-2,-1,-1,-1,0
ri,8,4,4,1,-1,0,0
hindre,2,3,1,1,1,0,0
alliere,1,3,-2,-1,-1,-1,0
gjenskape,1,3,-2,-1,-1,-1,0
bruke,5,2,3,1,-1,0,0
kome,1,4,-3,-1,-1,-1,0
hjelpe,2,4,-2,-1,-1,0,0
måle,1,4,-3,-1,-1,-1,0
gje,3,4,-1,-1,-1,0,0
introdusere,1,2,-1,-1,-1,0,0
halde,1,3,-2,-1,-1,-1,0
få,5,2,3,1,-1,0,0
seie,2,21,-19,-1,-1,0,0
skrive,3,2,1,1,-1,0,0
ta,1,4,-3,-1,-1,-1,0
sjå,1,2,-1,-1,-1,-1,0
jamføre,3,8,-5,-1,-1,1,0
ha,3,2,1,1,-1,0,0
styrkje,1,2,-1,-1,-1,0,0
kjenne,1,2,-1,-1,-1,-1,0
ha,1,2,-1,-1,-1,0,0
lage,1,6,-5,-1,-1,0,0
utgjere,3,35,-32,-1,-1,0,0
drepe,4,11,-7,-1,-1,0,0
få,3,8,-5,-1,-1,0,0
atterreise,1,8,-7,-1,-1,0,0
løyne,3,2,-1,-1,1,0,0
ha,2,2,0,0,-1,0,0
dreie,1,12,-11,-1,-1,-1,0
gjere,1,18,-17,-1,-1,0,0
ha,3,10,-7,-1,-1,0,0
løyne,1,6,-5,-1,-1,-1,0
ha,3,3,0,0,-1,0,0
leggje,1,3,-2,-1,-1,0,0
bruke,1,3,-2,-1,-1,0,0
skilje,5,7,-2,-1,-1,0,0
flytte,5,3,2,1,-1,0,0
integrere,1,3,-2,-1,-1,-1,0
lese,1,2,-1,-1,-1,1,0
skape,1,2,-1,-1,-1,0,0
leie,3,2,1,1,-1,1,0
syne,1,4,-3,-1,-1,0,0
sjå,4,8,-4,-1,-1,0,0
gifte,1,3,-2,-1,-1,-1,0
forkynne,2,2,0,0,-1,0,0
skilje,5,7,-2,-1,-1,0,0
flytte,9,7,2,1,-1,0,0
integrere,1,3,-2,-1,-1,-1,0
flytte,6,5,1,1,-1,0,0
flytte,1,2,-1,-1,-1,-1,0
setje,1,7,-6,-1,-1,0,0
flytte,2,3,-1,-1,-1,-1,0
ta,4,2,2,1,-1,0,0
bruke,1,4,-3,-1,-1,0,0
svare,1,5,-4,-1,-1,0,0
bryte,2,27,-25,-1,-1,0,0
trekkje,2,2,0,0,1,-1,0
gjere,1,4,-3,-1,-1,-1,0
ha,1,4,-3,-1,-1,0,0
kle,3,2,-1,-1,1,-1,0
setje,1,10,-9,-1,-1,0,0
tyde,2,5,-3,-1,-1,0,0
svare,1,3,-2,-1,-1,0,0
skrive,1,3,-2,-1,-1,0,0
nytte,2,13,-11,-1,-1,0,0
rå,1,2,-1,-1,-1,0,0
klassifisere,3,3,0,0,-1,0,0
nytte,2,4,-2,-1,-1,0,0
feire,1,2,-1,-1,-1,0,0
knyte,1,8,-7,-1,-1,0,0
tyde,3,8,-5,-1,-1,0,0
levere,1,2,1,1,1,0,0
sikre,4,3,1,1,-1,0,0
dreie,1,2,-1,-1,-1,-1,0
leggje,2,4,-2,-1,-1,0,0
selje,1,2,-1,-1,-1,0,0
utgjere,10,2,-8,-1,1,0,0
ha,2,10,-8,-1,-1,0,0
kvitte,1,5,-4,-1,-1,-1,0
gjere,2,2,0,0,-1,0,0
selje,1,2,-1,-1,-1,0,0
redusere,1,2,-1,-1,-1,0,0
tene,3,2,1,1,-1,1,0
gjere,2,2,0,0,-1,0,0
selje,2,2,0,0,-1,0,0
skape,2,9,-7,-1,-1,0,0
behalde,4,4,0,0,-1,0,0
få,1,2,1,1,1,-1,0
ta,1,2,1,1,1,-1,0
seie,1,2,-1,-1,-1,-1,0
få,2,2,0,0,1,-1,0
selje,3,2,1,1,-1,0,0
bruke,1,7,-6,-1,-1,0,0
levere,1,2,1,1,1,0,0
ta,2,2,0,0,1,-1,0
setje,2,2,0,0,-1,0,0
setje,5,2,3,1,-1,-1,0
setje,1,2,-1,-1,-1,-1,0
handsame,6,2,4,1,-1,0,0
redusere,2,5,-3,-1,-1,0,0
bøye,1,15,-14,-1,-1,-1,0
hogge,1,2,-1,-1,-1,0,0
setje,2,2,0,0,-1,0,0
samanlikne,5,7,-2,-1,-1,0,0
få,1,2,-1,-1,-1,0,0
berge,1,2,-1,-1,-1,0,0
tøme,3,3,0,0,-1,0,0
setje,1,2,-1,-1,-1,0,0
overlate,2,5,-3,-1,-1,0,0
bruke,1,2,-1,-1,-1,0,0
ha,2,2,0,0,-1,0,0
få,3,2,1,1,-1,0,0
kjøpe,1,2,-1,-1,-1,0,0
byte,1,3,-2,-1,-1,0,0
finne,1,2,-1,-1,-1,0,0
levere,1,3,-2,-1,-1,0,0
ta,1,2,-1,-1,-1,0,0
gjere,1,2,-1,-1,-1,0,0
finne,1,3,-2,-1,-1,0,0
ta,3,2,1,1,-1,0,0
stille,1,3,-2,-1,-1,0,0
gjere,1,2,-1,-1,-1,0,0
finne,1,3,-2,-1,-1,0,0
ta,1,2,-1,-1,-1,0,0
leggje,2,6,4,1,1,0,0
gjere,1,2,-1,-1,-1,0,0
love,2,4,-2,-1,-1,0,0
gjere,1,2,-1,-1,-1,-1,0
seie,1,4,-3,-1,-1,0,0
skjemme,1,5,-4,-1,-1,0,0
favorisere,20,3,17,1,-1,0,0
frita,5,3,2,1,-1,0,0
møte,2,2,0,0,-1,0,0
ha,2,5,-3,-1,-1,0,0
sjå,8,2,-6,-1,1,0,0
kome,1,2,-1,-1,-1,0,0
leve,2,2,0,0,-1,0,0
uttrykkje,1,5,-4,-1,-1,-1,0
søkje,2,6,-4,-1,-1,0,0
knyte,1,33,-32,-1,-1,-1,0
lure,1,3,-2,-1,-1,0,0
ha,7,21,-14,-1,-1,0,0
krølle,1,6,-5,-1,-1,0,0
vri,1,2,-1,-1,-1,0,0
få,1,2,-1,-1,-1,0,0
kvitte,1,11,-10,-1,-1,-1,0
lese,2,3,-1,-1,-1,0,0
lese,2,3,-1,-1,-1,0,0
pine,1,7,-6,-1,-1,0,0
fri,1,4,-3,-1,-1,0,0
få,2,3,-1,-1,-1,-1,0
drepe,1,2,-1,-1,-1,-1,0
lage,2,2,0,0,-1,0,0
finne,4,3,1,1,-1,0,0
minne,1,10,-9,-1,-1,-1,0
syne,4,2,2,1,-1,0,0
sjå,3,2,1,1,-1,0,0
syne,1,5,-4,-1,-1,-1,0
ha,5,6,-1,-1,-1,1,0
opne,1,16,-15,-1,-1,-1,0
ha,5,2,3,1,-1,0,0
vende,1,3,-2,-1,-1,0,0
snurre,2,2,0,0,-1,0,0
innynde,1,2,-1,-1,-1,-1,0
setje,1,3,-2,-1,-1,-1,0
sjå,1,2,-1,-1,-1,0,0
ha,3,2,1,1,-1,1,0
seie,1,2,-1,-1,-1,-1,0
høyre,1,8,-7,-1,-1,-1,0
køyre,3,2,1,1,-1,0,0
kåre,1,2,-1,-1,-1,-1,0
lage,1,2,-1,-1,-1,0,0
opprette,2,5,-3,-1,-1,0,0
møte,5,17,-12,-1,-1,0,0
halde,5,2,3,1,-1,0,0
stille,1,13,-12,-1,-1,-1,0
vekkje,1,2,-1,-1,-1,0,0
bruke,2,7,-5,-1,-1,0,0
forsvare,1,2,-1,-1,-1,-1,0
gi,2,3,-1,-1,-1,0,0
markere,1,4,-3,-1,-1,-1,0
miste,4,6,-2,-1,-1,0,0
opprette,2,2,0,0,-1,0,0
ta,5,5,0,0,-1,0,0
ofre,2,4,-2,-1,-1,0,0
betale,3,2,1,1,-1,0,0
fortelje,8,9,-1,-1,-1,1,0
skrive,1,5,-4,-1,-1,0,0
betale,3,2,1,1,-1,0,0
skylde,4,2,2,1,-1,0,0
få,5,2,3,1,-1,0,0
få,2,4,-2,-1,-1,0,0
greie,1,3,-2,-1,-1,-1,0
få,1,2,-1,-1,-1,0,0
setje,1,2,-1,-1,-1,-1,0
gje,2,2,0,0,-1,0,0
lage,19,2,-17,-1,1,1,0
nytte,3,2,-1,-1,1,0,0
leggje,1,6,-5,-1,-1,0,0
vurdere,9,24,-15,-1,-1,0,0
leggjast,2,7,-5,-1,-1,0,0
gjere,1,3,-2,-1,-1,0,0
leggje,2,4,-2,-1,-1,0,0
få,3,7,-4,-1,-1,0,0
stele,13,4,9,1,-1,0,0
få,2,3,-1,-1,-1,0,0
levere,5,6,-1,-1,-1,0,0
slå,1,2,-1,-1,-1,0,0
slå,3,3,0,0,-1,0,0
greie,9,6,3,1,-1,0,0
ha,1,2,-1,-1,-1,1,0
forsvare,1,3,-2,-1,-1,0,0
sjekke,1,3,-2,-1,-1,0,0
passere,2,2,0,0,-1,0,0
kvalifisere,1,2,-1,-1,-1,-1,0
vinne,1,8,-7,-1,-1,0,0
setje,7,3,4,1,-1,0,0
ta,3,5,-2,-1,-1,0,0
vinne,1,2,-1,-1,-1,0,0
dele,1,11,-10,-1,-1,0,0
gi,2,2,0,0,-1,0,0
skrive,1,2,-1,-1,-1,0,0
komme,4,4,0,0,-1,0,0
innleie,16,4,-12,-1,1,0,0
ta,5,2,-3,-1,1,-1,0
seie,1,2,-1,-1,-1,-1,0
presentere,3,4,-1,-1,-1,0,0
leggje,7,7,0,0,-1,0,0
redusere,1,6,-5,-1,-1,0,0
presentere,11,3,8,1,-1,0,0
gjere,1,3,-2,-1,-1,-1,0
tilrå,2,12,-10,-1,-1,0,0
innebere,7,2,-5,-1,1,0,0
miste,1,4,-3,-1,-1,0,0
orientere,1,2,-1,-1,-1,-1,0
seie,1,11,-10,-1,-1,-1,0
miste,1,2,-1,-1,-1,0,0
seie,1,8,-7,-1,-1,-1,0
rose,1,5,-4,-1,-1,0,0
greie,1,4,-3,-1,-1,-1,0
ete,1,2,-1,-1,-1,0,0
leggje,1,6,-5,-1,-1,0,0
få,1,4,-3,-1,-1,0,0
leggje,2,2,0,0,-1,0,0
forklare,1,13,-12,-1,-1,-1,0
slutte,1,11,-10,-1,-1,0,0
seie,1,9,-8,-1,-1,-1,0
komme,1,4,-3,-1,-1,-1,0
sjå,5,4,1,1,-1,0,0
ta,5,3,2,1,-1,0,0
ta,1,6,-5,-1,-1,0,0
skubbe,1,2,-1,-1,-1,1,0
byggje,3,2,1,1,-1,0,0
leggje,1,2,-1,-1,-1,0,0
seie,1,5,-4,-1,-1,-1,0
bruke,4,2,2,1,-1,0,0
ta,1,3,-2,-1,-1,0,0
få,5,9,-4,-1,-1,0,0
gjennomføre,1,6,-5,-1,-1,0,0
hive,1,2,-1,-1,-1,-1,0
skaffe,1,2,-1,-1,-1,0,0
ha,3,2,1,1,-1,0,0
kjøpe,1,3,-2,-1,-1,0,0
ha,1,4,-3,-1,-1,0,0
jobbe,1,2,-1,-1,-1,0,0
handtere,1,4,-3,-1,-1,-1,0
jobbe,1,3,-2,-1,-1,0,0
bruke,1,2,-1,-1,-1,-1,0
gjere,3,5,-2,-1,-1,0,0
leggje,3,4,-1,-1,-1,0,0
ha,1,6,-5,-1,-1,0,0
få,1,3,-2,-1,-1,0,0
ha,1,14,-13,-1,-1,0,0
ta,1,3,-2,-1,-1,-1,0
fylle,2,3,-1,-1,-1,0,0
beskytte,1,2,-1,-1,-1,0,0
krevje,5,3,-2,-1,1,0,0
bekymre,1,8,-7,-1,-1,-1,0
busette,1,2,-1,-1,-1,-1,0
ha,2,2,0,0,1,-1,0
betale,1,2,-1,-1,-1,0,0
miste,1,3,-2,-1,-1,0,0
få,1,2,1,1,1,0,0
kommentere,1,2,-1,-1,-1,0,0
få,2,3,-1,-1,-1,0,0
velje,1,7,-6,-1,-1,0,0
hengje,1,9,-8,-1,-1,-1,0
få,1,3,-2,-1,-1,0,0
stå,1,2,-1,-1,-1,0,0
ta,1,2,-1,-1,-1,1,0
kaste,2,2,0,0,-1,0,0
komme,1,2,-1,-1,-1,-1,0
ta,1,2,-1,-1,-1,-1,0
komme,1,2,-1,-1,-1,-1,0
stelle,3,3,0,0,-1,0,0
opplyse,9,3,-6,-1,1,0,0
ta,1,4,-3,-1,-1,0,0
få,2,7,-5,-1,-1,0,0
ta,5,2,-3,-1,1,-1,0
byggje,1,2,-1,-1,-1,0,0
få,1,2,-1,-1,-1,0,0
ta,1,2,-1,-1,-1,0,0
halde,1,4,-3,-1,-1,0,0
overause,1,4,-3,-1,-1,0,0
drive,3,3,0,0,-1,0,0
ta,7,2,-5,-1,1,0,0
gjere,1,3,-2,-1,-1,-1,0
støte,5,2,-3,-1,1,-1,0
varsle,3,6,-3,-1,-1,0,0
permittere,3,3,0,0,-1,0,0
permittere,3,6,3,1,1,0,0
permittere,2,3,-1,-1,-1,0,0
få,1,5,-4,-1,-1,0,0
få,1,2,-1,-1,-1,0,0
gå,2,3,-1,-1,-1,0,0
utføre,1,3,-2,-1,-1,0,0
spreie,1,2,-1,-1,-1,-1,0
ha,1,2,-1,-1,-1,0,0
levere,1,2,-1,-1,-1,0,0
få,1,5,-4,-1,-1,-1,0
få,1,4,-3,-1,-1,-1,0
få,4,4,0,0,-1,0,0
samle,1,3,-2,-1,-1,0,0
overdra,6,4,2,1,-1,0,0
setje,2,2,0,0,-1,0,0
levere,3,2,-1,-1,1,-1,0
levere,3,2,-1,-1,1,-1,0
gjere,2,2,0,0,-1,0,0
bruke,4,2,2,1,-1,0,0
gå,2,3,-1,-1,-1,0,0
formidle,1,4,-3,-1,-1,0,0
undervise,2,5,-3,-1,-1,0,0
lære,2,5,-3,-1,-1,0,0
lage,1,2,-1,-1,-1,0,0
få,3,4,-1,-1,-1,0,0
gjere,3,3,0,0,-1,-1,0
få,2,2,0,0,-1,0,0
få,2,4,-2,-1,-1,0,0
få,1,4,-3,-1,-1,0,0
skaffe,6,4,2,1,-1,0,0
tene,1,2,-1,-1,-1,0,0
få,1,2,-1,-1,-1,0,0
utsetje,1,8,-7,-1,-1,0,0
ha,2,3,-1,-1,-1,0,0
vite,1,2,-1,-1,-1,0,0
finne,2,2,0,0,-1,0,0
ha,1,4,-3,-1,-1,0,0
kontakte,1,6,-5,-1,-1,-1,0
sende,4,2,2,1,-1,0,0
knyte,1,3,-2,-1,-1,0,0
køyre,1,3,-2,-1,-1,0,0
køyre,4,3,1,1,-1,0,0
setje,1,2,-1,-1,-1,-1,0
leggje,1,3,2,1,1,0,0
finne,1,6,-5,-1,-1,0,0
påverke,3,2,1,1,-1,0,0
køyre,2,3,-1,-1,-1,0,0
setje,1,2,-1,-1,-1,-1,0
køyre,5,9,-4,-1,-1,0,0
få,2,2,0,0,1,-1,0
utføre,1,6,-5,-1,-1,0,0
tinge,1,2,-1,-1,-1,0,0
stoppe,2,3,-1,-1,-1,0,0
ha,1,2,-1,-1,-1,0,0
gje,1,2,-1,-1,-1,0,0
setje,1,3,-2,-1,-1,-1,0
få,1,2,-1,-1,-1,0,0
ha,1,2,-1,-1,-1,0,0
ta,1,2,-1,-1,-1,0,0
samle,1,4,-3,-1,-1,-1,0
få,2,2,0,0,-1,0,0
nominere,4,8,-4,-1,-1,0,0
gje,1,2,1,1,1,-1,0
få,2,3,-1,-1,-1,0,0
busetje,1,2,-1,-1,-1,-1,0
møte,3,10,-7,-1,-1,0,0
få,8,2,-6,-1,1,-1,0
møte,3,2,1,1,-1,0,0
prøve,1,8,-7,-1,-1,-1,0
få,2,2,0,0,-1,0,0
droppe,3,12,-9,-1,-1,0,0
skaffe,2,2,0,0,1,0,0
gje,2,2,0,0,1,-1,0
sone,2,2,0,0,-1,0,0
selje,5,2,3,1,-1,0,0
signere,2,2,0,0,1,0,0
få,4,2,-2,-1,1,0,0
streame,1,3,-2,-1,-1,0,0
spesialisere,1,11,-10,-1,-1,-1,0
få,1,5,-4,-1,-1,0,0
ha,2,4,-2,-1,-1,0,0
seie,1,2,-1,-1,-1,-1,0
skade,3,3,0,0,-1,0,0
leggje,1,8,-7,-1,-1,-1,0
sjå,1,3,-2,-1,-1,-1,0
skade,3,3,0,0,-1,0,0
oppdage,1,2,-1,-1,-1,0,0
oppdage,2,2,0,0,-1,0,0
flokke,1,2,-1,-1,-1,-1,0
flokke,1,2,-1,-1,-1,-1,0
flokke,1,2,-1,-1,-1,-1,0
få,9,2,-7,-1,1,-1,0
berge,1,2,-1,-1,-1,0,0
merke,1,3,-2,-1,-1,0,0
gjere,2,6,-4,-1,-1,0,0
berge,2,3,-1,-1,-1,0,0
gjere,2,4,-2,-1,-1,1,0
ha,3,2,1,1,-1,0,0
stille,1,7,-6,-1,-1,0,0
setje,1,3,-2,-1,-1,-1,0
ha,3,3,0,0,-1,0,0
spele,1,2,-1,-1,-1,0,0
ha,7,2,-5,-1,1,-1,0
skanne,1,2,-1,-1,-1,0,0
køyre,1,6,-5,-1,-1,0,0
finne,2,2,0,0,-1,0,0
finne,1,2,-1,-1,-1,0,0
finne,2,3,-1,-1,-1,0,0
ta,2,2,0,0,1,-1,0
bruke,1,4,3,1,1,0,0
få,5,2,-3,-1,1,0,0
ha,5,4,1,1,-1,0,0
representere,1,4,-3,-1,-1,0,0
springe,3,8,-5,-1,-1,0,0
finne,2,2,0,0,-1,0,0
skjelle,1,2,-1,-1,-1,0,0
skaffe,2,2,0,0,-1,0,0
unngå,2,4,-2,-1,-1,0,0
skifte,1,5,-4,-1,-1,0,0
få,1,7,-6,-1,-1,0,0
sikre,3,5,-2,-1,-1,0,0
få,1,2,-1,-1,-1,-1,0
få,1,2,-1,-1,-1,0,0
få,1,2,-1,-1,-1,0,0
få,1,2,-1,-1,-1,-1,0
få,3,2,1,1,-1,0,0
auke,5,2,3,1,-1,0,0
kjenne,1,4,-3,-1,-1,0,0
punge,2,4,-2,-1,-1,0,0
ha,3,3,0,0,-1,0,0
ha,2,2,0,0,-1,0,0
få,2,2,0,0,-1,0,0
få,1,8,-7,-1,-1,0,0
setje,1,2,-1,-1,-1,0,0
seie,1,2,-1,-1,-1,0,0
be,1,3,-2,-1,-1,0,0
krevje,2,2,0,0,-1,0,0
framdyrke,4,4,0,0,-1,0,0
levere,2,3,-1,-1,-1,0,0
gjere,1,2,-1,-1,-1,0,0
finne,1,9,-8,-1,-1,-1,0
finne,1,2,-1,-1,-1,0,0
finne,4,2,2,1,-1,0,0
passere,1,2,-1,-1,-1,0,0
gjere,1,2,-1,-1,-1,0,0
ha,2,2,0,0,-1,0,0
ha,2,4,-2,-1,-1,0,0
melde,1,2,-1,-1,-1,0,0
finne,2,6,-4,-1,-1,0,0
plassere,1,2,-1,-1,-1,-1,0
få,1,5,-4,-1,-1,0,0
dele,1,2,-1,-1,-1,-1,0
løyve,3,10,-7,-1,-1,0,0
få,3,4,-1,-1,-1,0,0
kome,5,2,3,1,-1,0,0
setje,3,4,-1,-1,-1,0,0
reise,2,2,0,0,-1,0,0
få,6,3,3,1,-1,0,0
leggje,1,3,-2,-1,-1,0,0
levere,1,8,-7,-1,-1,0,0
få,2,10,-8,-1,-1,1,0
få,2,7,-5,-1,-1,0,0
levere,1,3,-2,-1,-1,0,0
få,1,4,-3,-1,-1,0,0
flytte,10,2,8,1,-1,0,0
sjå,9,2,-7,-1,1,-1,0
berge,1,2,-1,-1,-1,0,0
bere,1,2,1,1,1,-1,0
berge,5,8,-3,-1,-1,0,0
trykkje,1,6,-5,-1,-1,-1,0
halde,1,2,-1,-1,-1,-1,0
forsyne,1,3,-2,-1,-1,-1,0
ta,1,2,-1,-1,-1,0,0
ta,2,5,-3,-1,-1,0,0
følgje,1,4,-3,-1,-1,0,0
ha,2,2,0,0,-1,0,0
gjere,1,2,-1,-1,-1,1,0
kaste,1,5,-4,-1,-1,-1,0
gi,2,13,-11,-1,-1,0,0
setje,1,2,-1,-1,-1,0,0
få,1,3,-2,-1,-1,0,0
knyte,3,9,-6,-1,-1,0,0
gi,4,2,-2,-1,1,-1,0
knyte,3,9,-6,-1,-1,0,0
gje,4,3,1,1,-1,0,0
reise,3,2,1,1,-1,0,0
profilere,4,2,2,1,-1,0,0
tilbakebetale,1,6,-5,-1,-1,0,0
lokke,7,2,5,1,-1,0,0
lokke,2,2,0,0,1,-1,0
seie,2,4,-2,-1,-1,0,0
lage,2,2,0,0,-1,0,0
gjere,1,3,-2,-1,-1,0,0
lage,1,21,-20,-1,-1,0,0
eksponere,1,5,-4,-1,-1,-1,0
eksponere,1,5,-4,-1,-1,0,0
sende,3,2,1,1,-1,0,0
gjennomføre,6,3,3,1,-1,0,0
pådra,4,3,1,1,-1,0,0
komme,4,3,1,1,-1,0,0
halde,1,3,-2,-1,-1,-1,0
ta,4,4,0,0,-1,0,0
ta,2,5,-3,-1,-1,0,0
ta,1,6,-5,-1,-1,0,0
dele,1,3,-2,-1,-1,0,0
sjå,1,2,-1,-1,-1,0,0
snu,1,16,-15,-1,-1,-1,0
høyre,1,3,-2,-1,-1,0,0
slå,1,2,-1,-1,-1,0,0
gi,6,6,0,0,-1,0,0
reise,1,2,-1,-1,-1,0,0
bety,1,4,-3,-1,-1,0,0
slepe,1,2,-1,-1,-1,0,0
ta,5,2,-3,-1,1,0,0
få,3,2,1,1,-1,0,0
få,2,8,-6,-1,-1,0,0
sikre,6,3,-3,-1,1,0,0
sikre,3,7,-4,-1,-1,0,0
få,1,2,-1,-1,-1,0,0
dele,4,4,0,0,-1,0,0
få,5,4,1,1,-1,0,0
setje,4,5,-1,-1,-1,0,0
skape,1,5,-4,-1,-1,0,0
skape,2,5,-3,-1,-1,0,0
slå,3,5,-2,-1,-1,0,0
få,2,2,0,0,1,-1,0
studere,1,2,-1,-1,-1,0,0
etablere,1,2,-1,-1,-1,-1,0
halde,1,3,-2,-1,-1,0,0
halde,1,3,-2,-1,-1,0,0
gjere,1,2,-1,-1,-1,-1,0
ha,1,4,-3,-1,-1,0,0
flytte,1,2,-1,-1,-1,0,0
bety,1,4,-3,-1,-1,1,0
finne,3,2,1,1,-1,0,0
rose,1,4,-3,-1,-1,-1,0
høyre,3,2,1,1,-1,0,0
møte,1,2,-1,-1,-1,-1,0
kunne,2,2,0,0,-1,0,0
få,11,2,-9,-1,1,-1,0
gje,3,2,1,1,-1,0,0
setje,2,6,-4,-1,-1,0,0
sleppe,2,2,0,0,-1,0,0
utløyse,3,2,1,1,-1,0,0
ha,3,8,-5,-1,-1,0,0
sjå,3,5,-2,-1,-1,0,0
knivstikke,1,2,-1,-1,-1,-1,0
unnskylde,1,3,-2,-1,-1,-1,0
finne,2,2,0,0,-1,1,0
møte,3,2,1,1,-1,0,0
ta,2,2,0,0,-1,0,0
spreie,2,6,-4,-1,-1,0,0
kaste,1,2,-1,-1,-1,0,0
skrive,1,2,-1,-1,-1,-1,0
miste,1,3,-2,-1,-1,1,0
øydeleggje,1,4,-3,-1,-1,0,0
skje,3,7,-4,-1,-1,0,0
vinne,3,2,1,1,-1,0,0
dekonstruere,1,3,-2,-1,-1,0,0
føre,3,16,-13,-1,-1,1,0
gje,1,19,-18,-1,-1,0,0
trekkje,1,3,-2,-1,-1,-1,0
leggje,2,8,-6,-1,-1,0,0
leggje,2,3,-1,-1,-1,0,0
toppe,1,11,-10,-1,-1,-1,0
trekkje,1,4,-3,-1,-1,-1,0
gi,1,18,-17,-1,-1,0,0
trekkje,1,2,-1,-1,-1,-1,0
ta,20,2,-18,-1,1,-1,0
gjere,1,2,-1,-1,-1,0,0
få,1,2,-1,-1,-1,0,0
overraske,1,2,-1,-1,-1,-1,0
minnast,8,4,4,1,-1,0,0
få,1,2,-1,-1,-1,0,0
hente,3,6,-3,-1,-1,0,0
setje,1,2,1,1,1,0,0
bruke,1,2,-1,-1,-1,0,0
konsentrere,1,4,-3,-1,-1,-1,0
finne,2,5,-3,-1,-1,1,0
registrere,2,3,-1,-1,-1,0,0
tene,1,2,-1,-1,-1,1,0
lese,3,4,-1,-1,-1,0,0
undersøke,9,7,2,1,-1,0,0
endre,1,4,-3,-1,-1,-1,0
be,4,6,-2,-1,-1,0,0
spørje,1,10,-9,-1,-1,0,0
møte,3,2,1,1,-1,0,0
krevje,2,2,0,0,-1,0,0
krevje,2,2,0,0,-1,0,0
hjelpe,1,4,-3,-1,-1,0,0
ha,5,6,-1,-1,-1,0,0
nærme,2,6,-4,-1,-1,0,0
ha,1,2,-1,-1,-1,-1,0
forsvare,2,5,-3,-1,-1,0,0
vinne,3,2,1,1,-1,0,0
dokumentere,4,3,1,1,-1,0,0
styre,2,5,-3,-1,-1,0,0
ta,4,2,-2,-1,1,-1,0
bruke,1,8,-7,-1,-1,0,0
hindre,2,12,-10,-1,-1,0,0
ta,13,2,-11,-1,1,0,0
betale,1,4,-3,-1,-1,0,0
spytte,1,8,-7,-1,-1,0,0
ha,1,6,-5,-1,-1,0,0
invitere,2,2,0,0,-1,0,0
meine,1,2,-1,-1,-1,0,0
investere,1,5,-4,-1,-1,0,0
leggje,1,10,-9,-1,-1,0,0
vitje,1,2,-1,-1,-1,0,0
velje,2,4,-2,-1,-1,0,0
samle,1,4,-3,-1,-1,-1,0
trekke,3,4,-1,-1,-1,0,0
få,2,3,-1,-1,-1,0,0
gløyme,1,2,-1,-1,-1,0,0
sjå,1,4,-3,-1,-1,0,0
sjå,1,3,-2,-1,-1,0,0
vurdere,1,2,-1,-1,-1,0,0
vise,6,3,3,1,-1,0,0
ta,1,4,-3,-1,-1,0,0
unngå,6,4,2,1,-1,0,0
oppheve,4,3,1,1,-1,0,0
ha,2,2,0,0,-1,0,0
ha,18,5,-13,-1,1,0,0
få,1,3,-2,-1,-1,0,0
utføre,3,5,-2,-1,-1,0,0
kommentere,1,5,-4,-1,-1,-1,0
kaste,1,2,-1,-1,-1,-1,0
nytte,2,5,-3,-1,-1,0,0
setje,4,2,2,1,-1,0,0
rå,1,3,-2,-1,-1,0,0
ha,1,2,-1,-1,-1,0,0
sleppe,2,5,-3,-1,-1,0,0
innordne,1,3,-2,-1,-1,-1,0
opprette,2,2,0,0,-1,0,0
sende,2,7,-5,-1,-1,0,0
skyte,1,3,-2,-1,-1,0,0
ta,1,6,-5,-1,-1,0,0
bruke,3,4,-1,-1,-1,1,0
innrette,1,7,-6,-1,-1,-1,0
gjennomføre,5,3,-2,-1,1,0,0
setje,2,4,-2,-1,-1,0,0
ha,3,3,0,0,-1,0,0
sikre,1,4,-3,-1,-1,0,0
forsvare,1,2,-1,-1,-1,-1,0
drepe,1,3,-2,-1,-1,0,0
byggje,1,9,-8,-1,-1,0,0
vise,1,16,-15,-1,-1,1,0
gi,1,16,-15,-1,-1,0,0
forsvare,1,5,-4,-1,-1,-1,0
betre,1,6,-5,-1,-1,0,0
presentere,1,4,-3,-1,-1,-1,0
gje,2,2,0,0,-1,0,0
ha,3,14,-11,-1,-1,0,0
støtte,5,4,1,1,-1,0,0
lukke,1,27,-26,-1,-1,0,0
la,1,2,-1,-1,-1,-1,0
gjere,1,16,-15,-1,-1,-1,0
gje,2,8,-6,-1,-1,0,0
ivareta,1,2,-1,-1,-1,0,0
utvikle,3,2,1,1,-1,0,0
redusere,1,3,-2,-1,-1,-1,0
forvente,1,3,-2,-1,-1,-1,0
kaste,1,3,-2,-1,-1,-1,0
få,1,2,-1,-1,-1,0,0
skaffe,2,2,0,0,1,0,0
få,1,8,-7,-1,-1,0,0
spele,1,2,-1,-1,-1,0,0
skrive,2,2,0,0,-1,1,0
kritisere,2,2,0,0,-1,0,0
ta,1,2,-1,-1,-1,0,0
finnast,1,3,-2,-1,-1,0,0
minnast,3,2,-1,-1,1,0,0
ha,4,2,2,1,-1,0,0
uttale,1,4,-3,-1,-1,-1,0
byte,1,16,-15,-1,-1,0,0
ta,2,2,0,0,-1,0,0
uttale,1,4,-3,-1,-1,-1,0
syde,1,3,-2,-1,-1,0,0
alliere,1,4,-3,-1,-1,-1,0
sjå,3,2,1,1,-1,0,0
finne,1,2,-1,-1,-1,0,0
ha,2,4,-2,-1,-1,0,0
lage,3,3,0,0,-1,0,0
få,1,4,-3,-1,-1,1,0
få,1,9,-8,-1,-1,0,0
setje,4,7,-3,-1,-1,0,0
utvikle,1,10,-9,-1,-1,-1,0
hengje,1,5,-4,-1,-1,0,0
møte,1,2,-1,-1,-1,0,0
feste,1,2,-1,-1,-1,0,0
oppdage,1,4,-3,-1,-1,0,0
setje,8,2,-6,-1,1,0,0
utrydde,1,6,-5,-1,-1,0,0
skildre,5,4,-1,-1,1,0,0
byte,2,3,-1,-1,-1,0,0
erte,3,2,-1,-1,1,-1,0
byte,2,3,-1,-1,-1,0,0
klamre,1,4,-3,-1,-1,-1,0
få,3,2,1,1,-1,0,0
fabrikkere,1,4,-3,-1,-1,0,0
låne,2,2,0,0,-1,0,0
sjå,1,3,-2,-1,-1,0,0
styrkje,1,2,-1,-1,-1,0,0
ta,5,10,-5,-1,-1,0,0
følgje,1,3,-2,-1,-1,0,0
betre,1,2,-1,-1,-1,0,0
sende,1,2,-1,-1,-1,-1,0
få,1,13,-12,-1,-1,0,0
få,16,2,-14,-1,1,0,0
følgje,1,3,-2,-1,-1,0,0
ta,2,2,0,0,-1,0,0
ha,11,2,-9,-1,1,0,0
gjennomføre,6,5,1,1,-1,0,0
innføre,1,3,-2,-1,-1,-1,0
innføre,3,2,1,1,-1,0,0
ha,3,2,1,1,-1,0,0
bry,1,4,-3,-1,-1,-1,0
nytte,3,2,-1,-1,1,0,0
uttale,1,15,-14,-1,-1,-1,0
leggje,4,3,1,1,-1,0,0
få,2,2,0,0,-1,0,0
klare,1,2,-1,-1,-1,0,0
dekke,3,2,1,1,-1,0,0
kvile,1,27,-26,-1,-1,-1,0
møte,1,4,-3,-1,-1,0,0
nytte,3,7,-4,-1,-1,0,0
levere,1,10,-9,-1,-1,0,0
skjøtte,5,4,-1,-1,1,0,0
klø,1,2,-1,-1,-1,-1,0
verne,1,12,-11,-1,-1,-1,0
trakassere,1,14,-13,-1,-1,0,0
drepe,2,6,-4,-1,-1,0,0
sitere,1,3,-2,-1,-1,0,0
omtale,3,5,2,1,1,0,0
sjå,1,2,-1,-1,-1,0,0
overleve,3,8,-5,-1,-1,0,0
leggje,1,2,-1,-1,-1,0,0
samle,1,11,-10,-1,-1,0,0
sette,1,2,-1,-1,-1,0,0
nytte,3,7,-4,-1,-1,0,0
vekkje,1,3,-2,-1,-1,0,0
setje,4,2,2,1,-1,0,0
kjøpe,1,3,-2,-1,-1,0,0
lure,8,2,-6,-1,1,-1,0
forvalte,2,4,-2,-1,-1,0,0
kjøpe,1,4,-3,-1,-1,0,0
styre,1,3,-2,-1,-1,0,0
meine,3,2,1,1,-1,-1,0
møte,1,8,-7,-1,-1,-1,0
setje,19,2,-17,-1,1,0,0
li,2,3,-1,-1,-1,0,0
overlate,1,3,-2,-1,-1,1,0
ta,1,5,-4,-1,-1,0,0
dele,6,3,-3,-1,1,0,0
slakte,1,3,-2,-1,-1,0,0
hente,3,3,0,0,-1,0,0
sjå,4,2,2,1,-1,0,0
vise,1,3,-2,-1,-1,-1,0
ha,4,3,1,1,-1,0,0
gjennomføre,1,6,-5,-1,-1,0,0
bruke,1,10,-9,-1,-1,0,0
ta,1,4,-3,-1,-1,0,0
ha,1,2,-1,-1,-1,0,0
setje,2,2,0,0,-1,0,0
auke,5,3,2,1,-1,0,0
få,4,8,-4,-1,-1,0,0
få,1,2,-1,-1,-1,0,0
parafrasere,1,3,-2,-1,-1,-1,0
frakte,1,2,-1,-1,-1,-1,0
filme,5,10,-5,-1,-1,0,0
strukturere,1,2,-1,-1,-1,0,0
vise,4,3,1,1,-1,0,0
oppsummere,3,8,-5,-1,-1,0,0
åtvare,1,2,-1,-1,-1,0,0
skrive,1,4,-3,-1,-1,0,0
ha,9,2,7,1,-1,0,0
lide,1,4,-3,-1,-1,0,0
lide,1,13,-12,-1,-1,0,0
sikre,4,4,0,0,-1,0,0
støtte,1,3,-2,-1,-1,0,0
lide,1,2,-1,-1,-1,0,0
få,5,7,-2,-1,-1,0,0
samle,1,3,-2,-1,-1,-1,0
ta,1,2,-1,-1,-1,0,0
reprodusere,5,9,-4,-1,-1,0,0
få,3,4,-1,-1,-1,0,0
registrere,5,4,1,1,-1,0,0
betale,3,2,1,1,-1,0,0
miste,1,4,-3,-1,-1,0,0
beskytte,1,2,-1,-1,-1,0,0
krenke,3,2,-1,-1,1,0,0
demonstrere,11,2,-9,-1,1,0,0
gjere,2,2,0,0,-1,0,0
tilpasse,1,3,-2,-1,-1,0,0
spele,2,2,0,0,-1,1,0
ta,1,2,-1,-1,-1,-1,0
stadfeste,1,4,-3,-1,-1,0,0
syne,3,2,1,1,-1,0,0
avrette,2,2,0,0,-1,0,0
publisere,1,2,-1,-1,-1,0,0
detonere,1,2,-1,-1,-1,0,0
gje,3,16,-13,-1,-1,0,0
syne,2,2,0,0,-1,0,0
presentere,5,3,2,1,-1,0,0
førebu,3,6,-3,-1,-1,-1,0
følgje,5,4,1,1,-1,0,0
lese,5,2,3,1,-1,0,0
samanlikne,1,11,-10,-1,-1,-1,0
sjå,19,2,-17,-1,1,-1,0
få,1,2,-1,-1,-1,0,0
finne,7,4,3,1,-1,0,0
flytte,1,4,-3,-1,-1,0,0
snakke,1,4,-3,-1,-1,0,0
sette,6,2,-4,-1,1,0,0
kjøpe,1,2,-1,-1,-1,0,0
utstyre,1,12,-11,-1,-1,-1,0
ta,3,2,-1,-1,1,-1,0
fly,1,2,-1,-1,-1,0,0
bombe,1,4,-3,-1,-1,0,0
bombe,1,4,-3,-1,-1,0,0
ta,1,3,-2,-1,-1,0,0
rette,1,2,-1,-1,-1,0,0
ta,2,2,0,0,-1,0,0
setje,4,2,2,1,-1,0,0
rette,1,5,-4,-1,-1,-1,0
forfølgje,2,2,0,0,-1,0,0
styre,1,3,-2,-1,-1,0,0
slå,1,9,-8,-1,-1,0,0
sette,1,3,-2,-1,-1,0,0
setje,1,3,-2,-1,-1,0,0
invitere,3,4,-1,-1,-1,0,0
trekkje,1,2,1,1,1,-1,0
representere,2,3,-1,-1,-1,0,0
røre,1,3,-2,-1,-1,-1,0
bere,4,2,2,1,-1,0,0
endre,1,2,-1,-1,-1,-1,0
leggje,1,12,-11,-1,-1,0,0
hjelpe,1,2,-1,-1,-1,-1,0
drive,1,4,-3,-1,-1,0,0
setje,2,4,-2,-1,-1,0,0
ha,1,2,1,1,1,-1,0
tillate,1,4,-3,-1,-1,0,0
ha,1,2,1,1,1,-1,0
tvinge,2,2,0,0,-1,1,0
styre,1,3,-2,-1,-1,0,0
rette,4,2,2,1,-1,0,0
berge,1,2,-1,-1,-1,0,0
stake,1,3,-2,-1,-1,0,0
melde,7,3,4,1,-1,0,0
få,1,2,-1,-1,-1,1,0
hjelpe,7,4,3,1,-1,0,0
få,1,2,-1,-1,-1,0,0
få,5,2,3,1,-1,1,0
rose,1,12,-11,-1,-1,-1,0
mobilisere,1,2,-1,-1,-1,0,0
berge,1,12,-11,-1,-1,0,0
støtte,1,8,-7,-1,-1,0,0
skape,1,3,-2,-1,-1,0,0
ta,1,2,-1,-1,-1,-1,0
ta,8,2,-6,-1,1,-1,0
finne,5,3,2,1,-1,0,0
kaste,1,2,-1,-1,-1,0,0
ha,1,2,-1,-1,-1,0,0
innføre,1,2,-1,-1,-1,0,0
ha,1,3,-2,-1,-1,0,0
møte,3,5,-2,-1,-1,0,0
openberre,1,3,-2,-1,-1,-1,0
setje,1,6,-5,-1,-1,0,0
finne,2,4,-2,-1,-1,0,0
forelske,1,8,-7,-1,-1,-1,0
vise,8,7,1,1,-1,0,0
tyne,1,2,-1,-1,-1,-1,0
setje,1,2,-1,-1,-1,-1,0
stele,1,3,-2,-1,-1,0,0
ha,1,5,-4,-1,-1,-1,0
lure,1,3,-2,-1,-1,0,0
setje,2,2,0,0,-1,1,0
setje,2,2,0,0,-1,1,0
ta,1,3,-2,-1,-1,-1,0
ta,2,13,-11,-1,-1,0,0
ta,14,2,-12,-1,1,0,0
sjå,1,12,-11,-1,-1,0,0
oppretthalde,1,3,-2,-1,-1,0,0
ha,22,2,-20,-1,1,-1,0
finne,7,4,3,1,-1,0,0
nytte,1,8,-7,-1,-1,1,0
få,2,22,-20,-1,-1,0,0
starte,1,3,-2,-1,-1,0,0
bety,1,4,-3,-1,-1,0,0
flytte,1,4,-3,-1,-1,0,0
ha,3,2,1,1,-1,0,0
starte,1,3,-2,-1,-1,0,0
be,8,2,-6,-1,1,-1,0
vedkjenne,1,2,-1,-1,-1,-1,0
ha,1,7,-6,-1,-1,0,0
oppdage,3,3,0,0,-1,0,0
korrigere,1,4,-3,-1,-1,0,0
ta,1,4,-3,-1,-1,0,0
halde,1,12,-11,-1,-1,0,0
ha,3,2,-1,-1,1,0,0
styrkje,6,3,3,1,-1,0,0
halde,5,2,3,1,-1,0,0
stille,2,7,-5,-1,-1,0,0
søkje,4,6,-2,-1,-1,0,0
gje,1,4,-3,-1,-1,0,0
fordre,3,3,0,0,1,-1,0
møte,5,6,-1,-1,-1,0,0
miste,8,22,-14,-1,-1,0,0
vidareutvikle,3,5,-2,-1,-1,0,0
vinne,3,4,-1,-1,-1,0,0
konsentrere,1,8,-7,-1,-1,-1,0
kaste,1,6,-5,-1,-1,0,0
ha,4,8,-4,-1,-1,0,0
senke,1,2,-1,-1,-1,-1,0
lyfte,1,3,-2,-1,-1,0,0
sikre,3,3,0,0,-1,0,0
gje,19,5,-14,-1,1,0,0
skaffe,1,11,-10,-1,-1,0,0
utforme,2,4,-2,-1,-1,0,0
ha,1,2,-1,-1,-1,0,0
gje,2,4,-2,-1,-1,0,0
danne,1,3,-2,-1,-1,0,0
gjennomgå,3,4,-1,-1,-1,0,0
fremje,2,8,-6,-1,-1,0,0
gjere,1,3,2,1,1,0,0
stille,2,6,-4,-1,-1,0,0
tryggje,1,4,-3,-1,-1,0,0
utarbeide,13,2,-11,-1,1,0,0
leggje,3,2,1,1,-1,0,0
vedta,3,3,0,0,1,0,0
stå,1,4,-3,-1,-1,-1,0
leggje,8,25,-17,-1,-1,0,0
setje,1,8,-7,-1,-1,0,0
avklare,6,10,-4,-1,-1,0,0
bruke,1,2,-1,-1,-1,0,0
omsetje,3,2,1,1,-1,0,0
dreie,1,6,-5,-1,-1,-1,0
frita,4,7,-3,-1,-1,0,0
fremje,1,2,-1,-1,-1,0,0
setje,7,2,-5,-1,1,0,0
fremje,1,4,-3,-1,-1,0,0
takast,2,4,-2,-1,-1,0,0
ta,3,15,-12,-1,-1,0,0
fremje,6,4,2,1,-1,0,0
ha,5,2,-3,-1,1,0,0
integrere,2,5,-3,-1,-1,0,0
fremje,4,15,-11,-1,-1,0,0
setje,1,2,-1,-1,-1,0,0
følgje,1,21,-20,-1,-1,0,0
gje,1,2,-1,-1,-1,0,0
ta,2,3,-1,-1,-1,0,0
uttale,1,12,-11,-1,-1,-1,0
gje,1,3,-2,-1,-1,0,0
få,2,2,0,0,-1,0,0
involvere,1,7,-6,-1,-1,-1,0
stille,2,7,-5,-1,-1,0,0
gje,1,3,-2,-1,-1,0,0
tilleggje,5,8,-3,-1,-1,1,0
balansere,3,4,-1,-1,-1,0,0
observere,7,8,-1,-1,-1,0,0
dreie,1,6,-5,-1,-1,-1,0
spele,2,20,-18,-1,-1,0,0
setje,3,3,0,0,-1,0,0
ha,2,4,-2,-1,-1,0,0
utarbeide,10,7,3,1,-1,0,0
følgje,8,5,3,1,-1,0,0
ha,1,3,-2,-1,-1,0,0
innarbeide,11,11,0,0,-1,0,0
binde,1,3,-2,-1,-1,-1,0
gje,4,2,2,1,-1,0,0
ta,1,3,-2,-1,-1,0,0
styrkje,4,4,0,0,-1,0,0
gje,1,3,-2,-1,-1,0,0
uttale,1,9,-8,-1,-1,-1,0
sjå,5,4,1,1,-1,0,0
seiast,1,8,-7,-1,-1,-1,0
påby,1,17,-16,-1,-1,1,0
mista,2,2,0,0,-1,0,0
endre,1,6,-5,-1,-1,-1,0
styrkje,1,2,-1,-1,-1,0,0
trenge,1,2,-1,-1,-1,0,0
rette,1,12,-11,-1,-1,1,0
lovregulere,1,11,-10,-1,-1,0,0
nøye,1,9,-8,-1,-1,-1,0
integrere,6,4,2,1,-1,0,0
rå,1,2,-1,-1,-1,1,0
rydde,1,23,-22,-1,-1,0,0
inngå,1,2,-1,-1,-1,0,0
nytte,1,4,-3,-1,-1,0,0
byggje,1,4,-3,-1,-1,0,0
yte,2,2,0,0,-1,0,0
fastsetje,5,6,-1,-1,-1,0,0
utøve,6,19,-13,-1,-1,0,0
kome,12,2,-10,-1,1,0,0
søkje,1,4,-3,-1,-1,0,0
utgjere,3,5,-2,-1,-1,0,0
representere,3,5,-2,-1,-1,0,0
slutte,1,14,-13,-1,-1,-1,0
tryggje,1,9,-8,-1,-1,0,0
drive,1,10,-9,-1,-1,0,0
få,7,2,5,1,-1,0,0
praktisere,1,3,-2,-1,-1,0,0
bruke,2,6,-4,-1,-1,0,0
gje,2,6,-4,-1,-1,0,0
gje,2,7,-5,-1,-1,0,0
produsere,1,5,-4,-1,-1,0,0
halde,1,3,-2,-1,-1,0,0
uttale,3,2,1,1,-1,0,0
leggje,2,17,-15,-1,-1,0,0
ha,3,3,0,0,-1,0,0
dreie,1,46,-45,-1,-1,-1,0
ha,3,2,1,1,-1,0,0
sjå,1,2,1,1,1,-1,0
halde,1,4,-3,-1,-1,-1,0
betale,1,5,-4,-1,-1,0,0
så,1,10,-9,-1,-1,0,0
likestille,4,16,-12,-1,-1,0,0
underminere,14,2,-12,-1,1,0,0
få,8,12,-4,-1,-1,0,0
nå,4,5,-1,-1,-1,0,0
gjere,13,7,-6,-1,1,0,0
førebu,1,2,-1,-1,-1,-1,0
selje,2,3,-1,-1,-1,0,0
ta,2,3,-1,-1,-1,0,0
ha,2,11,-9,-1,-1,0,0
ha,2,8,-6,-1,-1,0,0
trenge,7,2,5,1,-1,0,0
sjå,4,3,1,1,-1,0,0
ha,3,2,1,1,-1,0,0
trenge,4,3,1,1,-1,0,0
ta,3,6,-3,-1,-1,0,0
levere,2,3,-1,-1,-1,0,0
fylle,1,4,-3,-1,-1,0,0
disponere,2,5,-3,-1,-1,0,0
ha,6,5,1,1,-1,0,0
få,2,3,-1,-1,-1,0,0
lyfte,1,12,-11,-1,-1,0,0
få,2,2,0,0,-1,0,0
velje,1,3,-2,-1,-1,0,0
sikre,3,4,-1,-1,-1,0,0
få,2,4,-2,-1,-1,0,0
setje,7,2,-5,-1,1,0,0
ha,5,2,3,1,-1,0,0
be,1,14,-13,-1,-1,0,0
slutte,1,11,-10,-1,-1,-1,0
utnytte,5,19,-14,-1,-1,0,0
byggje,10,15,-5,-1,-1,0,0
få,1,2,-1,-1,-1,0,0
ha,5,3,2,1,-1,0,0
få,11,2,-9,-1,1,0,0
leggje,1,12,-11,-1,-1,0,0
involvere,2,3,-1,-1,-1,0,0
gjere,1,4,-3,-1,-1,-1,0
gjere,1,2,-1,-1,-1,1,0
byggje,1,8,-7,-1,-1,0,0
skaffe,4,5,-1,-1,-1,0,0
setje,1,2,-1,-1,-1,-1,0
avgrense,3,3,0,0,-1,0,0
låne,1,18,-17,-1,-1,0,0
ønskje,2,4,-2,-1,-1,0,0
satse,2,2,0,0,-1,0,0
ta,12,2,10,1,-1,0,0
kutte,2,2,0,0,-1,0,0
avgrense,5,5,0,0,-1,0,0
bruke,2,2,0,0,-1,1,0
auke,1,11,-10,-1,-1,-1,0
utgjere,6,2,-4,-1,1,0,0
prioritere,3,17,-14,-1,-1,0,0
få,1,2,-1,-1,-1,0,0
sjå,1,2,-1,-1,-1,0,0
få,1,6,-5,-1,-1,1,0
prioritere,3,2,1,1,-1,1,0
gjere,1,4,-3,-1,-1,-1,0
gjere,1,4,-3,-1,-1,-1,0
ha,3,7,-4,-1,-1,0,0
ha,1,2,-1,-1,-1,1,0
sende,1,2,-1,-1,-1,0,0
gi,1,3,-2,-1,-1,0,0
unnskylde,1,4,-3,-1,-1,-1,0
satse,1,5,-4,-1,-1,0,0
trenge,2,2,0,0,-1,0,0
gjere,1,8,-7,-1,-1,-1,0
ha,1,2,-1,-1,-1,0,0
trakke,2,2,0,0,-1,0,0
ha,1,2,-1,-1,-1,0,0
byrje,2,7,-5,-1,-1,0,0
frakte,1,2,-1,-1,-1,0,0
servere,5,4,1,1,-1,0,0
bruke,1,3,-2,-1,-1,-1,0
trenge,1,2,-1,-1,-1,0,0
ha,2,2,0,0,-1,0,0
setje,2,4,-2,-1,-1,0,0
gjere,1,2,-1,-1,-1,1,0
røre,1,2,-1,-1,-1,-1,0
ta,5,4,1,1,-1,0,0
ta,3,3,0,0,-1,0,0
ha,3,5,-2,-1,-1,0,0
sjå,5,2,-3,-1,1,-1,0
utrette,1,2,-1,-1,-1,-1,0
definere,1,4,-3,-1,-1,-1,0
fylle,8,6,2,1,-1,0,0
nærme,1,3,-2,-1,-1,-1,0
vise,1,2,-1,-1,-1,-1,0
sjå,3,3,0,0,-1,0,0
byggje,2,2,0,0,-1,0,0
skrive,1,7,-6,-1,-1,-1,0
få,1,3,-2,-1,-1,0,0
ha,1,4,-3,-1,-1,0,0
møte,2,4,-2,-1,-1,0,0
sjå,1,2,-1,-1,-1,-1,0
setje,2,2,0,0,1,0,0
utveksle,2,2,0,0,-1,0,0
ha,3,3,0,0,-1,0,0
sikre,3,3,0,0,-1,0,0
få,2,2,0,0,-1,0,0
rette,1,3,-2,-1,-1,-1,0
levere,4,5,-1,-1,-1,0,0
forhalde,1,4,-3,-1,-1,-1,0
få,2,2,0,0,-1,0,0
ha,2,2,0,0,-1,0,0
entre,1,4,-3,-1,-1,0,0
stille,1,6,-5,-1,-1,-1,0
modne,1,2,-1,-1,-1,-1,0
velje,3,10,-7,-1,-1,0,0
ta,1,4,-3,-1,-1,0,0
skape,1,2,-1,-1,-1,0,0
få,2,2,0,0,-1,0,0
ha,6,4,2,1,-1,0,0
få,2,2,0,0,-1,0,0
bety,1,5,-4,-1,-1,0,0
markere,1,4,-3,-1,-1,-1,0
ha,4,2,2,1,-1,1,0
gje,2,3,-1,-1,-1,0,0
slutte,1,3,-2,-1,-1,-1,0
handsame,16,3,-13,-1,1,0,0
handsame,1,2,-1,-1,-1,0,0
møte,1,7,-6,-1,-1,0,0
sende,1,6,-5,-1,-1,0,0
sende,2,15,-13,-1,-1,0,0
ha,2,2,0,0,-1,0,0
redusere,1,3,-2,-1,-1,0,0
utnytte,7,5,2,1,-1,0,0
ha,1,4,-3,-1,-1,0,0
ha,11,2,-9,-1,1,0,0
ha,1,3,-2,-1,-1,0,0
få,1,15,-14,-1,-1,0,0
gjere,3,4,-1,-1,-1,0,0
flytte,4,2,2,1,-1,0,0
få,2,9,-7,-1,-1,0,0
leggje,1,2,-1,-1,-1,1,0
selje,1,2,-1,-1,-1,0,0
finne,2,2,0,0,-1,0,0
avgjere,1,3,-2,-1,-1,0,0
bruke,2,2,0,0,-1,0,0
skåre,4,8,-4,-1,-1,0,0
velje,1,3,-2,-1,-1,0,0
plassere,3,2,1,1,-1,0,0
avgjere,3,3,0,0,-1,0,0
fylgje,3,2,1,1,-1,0,0
bruke,2,2,0,0,-1,0,0
gjere,3,2,1,1,-1,0,0
få,2,3,-1,-1,-1,0,0
få,1,2,1,1,1,-1,0
fylgje,1,2,-1,-1,-1,0,0
kome,1,2,-1,-1,-1,-1,0
glede,1,3,-2,-1,-1,-1,0
kome,4,2,2,1,-1,0,0
ha,7,2,5,1,-1,0,0
avgjere,2,5,-3,-1,-1,0,0
felle,1,7,-6,-1,-1,0,0
avle,1,2,-1,-1,-1,0,0
få,1,2,1,1,1,-1,0
gle,1,4,-3,-1,-1,-1,0
ha,2,8,-6,-1,-1,0,0
få,4,2,2,1,-1,0,0
gje,4,3,1,1,-1,0,0
nytte,1,7,-6,-1,-1,-1,0
få,6,4,-2,-1,1,0,0
handsame,1,3,-2,-1,-1,0,0
ha,5,2,3,1,-1,0,0
gjere,2,2,0,0,-1,0,0
ha,1,2,-1,-1,-1,0,0
selje,1,2,-1,-1,-1,0,0
strekkje,1,3,-2,-1,-1,0,0
betale,2,8,-6,-1,-1,0,0
betale,2,2,0,0,-1,0,0
miste,2,5,-3,-1,-1,0,0
leggje,1,10,-9,-1,-1,0,0
finansiere,2,4,-2,-1,-1,0,0
greie,1,3,-2,-1,-1,-1,0
legge,3,3,0,0,-1,0,0
kome,1,2,-1,-1,-1,-1,0
betale,5,5,0,0,-1,0,0
gjere,1,3,-2,-1,-1,-1,0
leike,1,2,-1,-1,-1,-1,0
få,1,3,-2,-1,-1,0,0
leggje,1,2,1,1,1,0,0
skape,3,2,1,1,-1,0,0
arte,1,2,-1,-1,-1,-1,0
spreie,1,2,-1,-1,-1,1,0
få,2,3,-1,-1,-1,0,0
kapre,1,4,-3,-1,-1,0,0
passere,4,3,1,1,-1,0,0
spreie,1,6,-5,-1,-1,-1,0
spreie,1,8,-7,-1,-1,-1,0
tilby,1,10,-9,-1,-1,1,0
seie,1,4,-3,-1,-1,-1,0
seie,3,2,1,1,-1,0,0
handsame,1,2,-1,-1,-1,0,0
ha,3,13,-10,-1,-1,-1,0
setje,7,2,-5,-1,1,0,0
gjelde,10,3,-7,-1,1,0,0
nytte,1,2,-1,-1,-1,0,0
rydde,1,4,-3,-1,-1,0,0
få,2,2,0,0,-1,0,0
seie,2,3,-1,-1,-1,0,0
få,2,13,-11,-1,-1,0,0
ta,1,4,-3,-1,-1,-1,0
ta,1,2,1,1,1,-1,0
ta,1,9,-8,-1,-1,-1,0
få,2,2,0,0,-1,0,0
ta,1,6,-5,-1,-1,-1,0
våge,2,2,0,0,-1,0,0
sikre,3,2,1,1,-1,0,0
få,3,8,-5,-1,-1,0,0
nedprioritere,1,4,-3,-1,-1,0,0
gje,1,10,-9,-1,-1,0,0
auke,1,6,-5,-1,-1,0,0
setje,1,2,-1,-1,-1,0,0
bruke,4,2,2,1,-1,0,0
få,1,2,-1,-1,-1,1,0
finne,1,5,-4,-1,-1,0,0
gjere,2,2,0,0,-1,0,0
sikre,2,2,0,0,-1,0,0
få,1,4,-3,-1,-1,0,0
klamre,1,11,-10,-1,-1,-1,0
overta,1,3,-2,-1,-1,0,0
oppleve,2,3,-1,-1,-1,0,0
representere,1,2,-1,-1,-1,0,0
notere,1,6,-5,-1,-1,-1,0
ha,2,4,-2,-1,-1,0,0
gratulere,1,2,-1,-1,-1,0,0
overrekkje,1,7,-6,-1,-1,0,0
byggje,1,8,-7,-1,-1,0,0
lage,2,5,-3,-1,-1,0,0
bruke,1,19,-18,-1,-1,0,0
ta,1,3,-2,-1,-1,0,0
byggje,1,8,-7,-1,-1,0,0
ha,2,4,-2,-1,-1,0,0
gjere,1,2,-1,-1,-1,1,0
ha,2,2,0,0,-1,0,0
vitje,1,3,-2,-1,-1,0,0
ha,1,4,-3,-1,-1,0,0
gjere,1,2,-1,-1,-1,1,0
gje,3,2,1,1,-1,1,0
sende,1,5,-4,-1,-1,0,0
ha,4,2,2,1,-1,0,0
få,9,2,7,1,-1,0,0
fylle,1,2,-1,-1,-1,0,0
fylle,3,2,1,1,-1,0,0
ta,1,4,-3,-1,-1,0,0
drive,1,4,-3,-1,-1,0,0
kjøpe,1,2,-1,-1,-1,0,0
ta,1,2,-1,-1,-1,0,0
få,1,4,-3,-1,-1,0,0
skrive,1,2,-1,-1,-1,0,0
klare,1,7,-6,-1,-1,-1,0
ta,1,4,-3,-1,-1,0,0
diskutere,1,2,-1,-1,-1,-1,0
kjøpe,1,2,-1,-1,-1,0,0
få,2,5,-3,-1,-1,0,0
sende,1,11,-10,-1,-1,-1,0
gå,3,2,1,1,-1,0,0
gje,2,2,0,0,-1,0,0
sjå,1,3,-2,-1,-1,1,0
få,1,3,-2,-1,-1,0,0
få,3,2,1,1,-1,0,0
rette,3,6,-3,-1,-1,1,0
leggje,1,2,-1,-1,-1,0,0
seie,1,9,-8,-1,-1,0,0
gje,8,2,-6,-1,1,0,0
få,2,5,-3,-1,-1,0,0
få,1,2,-1,-1,-1,-1,0
løyve,2,2,0,0,-1,0,0
avslå,1,7,-6,-1,-1,0,0
få,1,3,-2,-1,-1,0,0
ha,2,3,-1,-1,-1,0,0
fylle,1,3,-2,-1,-1,0,0
handle,1,2,-1,-1,-1,0,0
ha,2,2,0,0,-1,0,0
toppe,1,2,-1,-1,-1,0,0
ha,3,2,1,1,-1,0,0
leggje,2,2,0,0,-1,0,0
toppe,1,5,-4,-1,-1,0,0
ha,3,4,-1,-1,-1,0,0
sjå,5,2,-3,-1,1,-1,0
avmåle,1,4,-3,-1,-1,0,0
gje,2,2,0,0,-1,0,0
administrere,1,7,-6,-1,-1,0,0
gje,4,2,2,1,-1,0,0
få,2,2,0,0,-1,0,0
få,1,4,-3,-1,-1,0,0
ha,1,2,-1,-1,-1,0,0
få,1,4,-3,-1,-1,0,0
hente,1,2,-1,-1,-1,0,0
boltre,1,2,-1,-1,-1,-1,0
ha,1,3,-2,-1,-1,0,0
sy,1,4,-3,-1,-1,0,0
hente,1,4,-3,-1,-1,0,0
bruke,1,2,-1,-1,-1,0,0
skape,1,2,-1,-1,-1,0,0
køyre,2,4,-2,-1,-1,0,0
ha,1,3,-2,-1,-1,0,0
ha,3,2,1,1,-1,0,0
boltre,1,2,-1,-1,-1,-1,0
gje,1,2,-1,-1,-1,0,0
prøve,1,2,-1,-1,-1,-1,0
sjå,1,2,-1,-1,-1,-1,0
ha,2,2,0,0,-1,0,0
ta,3,2,-1,-1,1,0,0
ha,2,2,0,0,-1,0,0
skape,2,2,0,0,-1,0,0
setje,1,17,-16,-1,-1,0,0
lære,1,3,-2,-1,-1,0,0
pirre,2,2,0,0,-1,0,0
setje,4,23,-19,-1,-1,0,0
møte,1,15,-14,-1,-1,0,0
innlemme,5,4,1,1,-1,0,0
bety,4,2,2,1,-1,0,0
prioritere,1,2,-1,-1,-1,0,0
bruke,2,7,-5,-1,-1,0,0
bry,1,2,-1,-1,-1,-1,0
arrangere,1,2,-1,-1,-1,0,0
ha,1,2,-1,-1,-1,0,0
setje,2,4,-2,-1,-1,0,0
røre,1,2,-1,-1,-1,-1,0
halde,1,2,-1,-1,-1,0,0
ha,10,2,-8,-1,1,-1,0
provosere,2,4,-2,-1,-1,0,0
plukke,1,4,-3,-1,-1,0,0
kjenne,5,4,1,1,-1,0,0
sone,1,2,-1,-1,-1,0,0
få,1,5,-4,-1,-1,0,0
bere,1,2,-1,-1,-1,1,0
bite,1,2,-1,-1,-1,1,0
anke,1,2,-1,-1,-1,0,0
illustrere,1,13,-12,-1,-1,-1,0
få,6,11,-5,-1,-1,0,0
kaste,2,4,-2,-1,-1,0,0
ta,1,2,-1,-1,-1,0,0
skape,1,2,-1,-1,-1,0,0
gjere,2,2,0,0,-1,0,0
ha,2,2,0,0,-1,0,0
motta,4,9,-5,-1,-1,0,0
vinne,1,2,-1,-1,-1,0,0
røyste,1,3,-2,-1,-1,0,0
tape,2,3,-1,-1,-1,0,0
lyfte,2,2,0,0,-1,0,0
få,2,2,0,0,-1,0,0
innlemme,5,4,1,1,-1,0,0
gje,2,3,-1,-1,-1,0,0
lage,1,2,-1,-1,-1,0,0
lage,1,3,-2,-1,-1,0,0
styrkje,1,2,-1,-1,-1,0,0
vende,1,7,-6,-1,-1,-1,0
ha,1,4,-3,-1,-1,0,0
dra,4,2,2,1,-1,0,0
slå,2,4,-2,-1,-1,0,0
boltre,1,4,-3,-1,-1,-1,0
byggje,2,8,-6,-1,-1,0,0
få,1,2,-1,-1,-1,0,0
sigle,3,10,-7,-1,-1,0,0
padle,1,2,-1,-1,-1,0,0
finne,4,2,2,1,-1,1,0
kome,1,11,-10,-1,-1,-1,0
få,1,15,-14,-1,-1,0,0
lage,3,3,0,0,-1,1,0
blinke,1,2,-1,-1,-1,1,0
starte,4,3,1,1,-1,0,0
ha,5,2,3,1,-1,1,0
kjenne,2,2,0,0,-1,0,0
lære,2,5,-3,-1,-1,0,0
gjere,1,4,-3,-1,-1,0,0
vitje,3,2,1,1,-1,0,0
avslutte,1,3,-2,-1,-1,0,0
takke,6,3,3,1,-1,0,0
ha,4,3,1,1,-1,0,0
danse,1,2,-1,-1,-1,0,0
setje,1,4,-3,-1,-1,0,0
melde,1,2,-1,-1,-1,0,0
gje,3,8,-5,-1,-1,0,0
setje,2,5,-3,-1,-1,0,0
avslutte,1,2,-1,-1,-1,0,0
sleppe,1,2,-1,-1,-1,0,0
introdusere,1,5,-4,-1,-1,0,0
diskutere,1,2,-1,-1,-1,0,0
gje,21,2,-19,-1,1,0,0
diskutere,1,2,-1,-1,-1,0,0
nemne,3,2,1,1,-1,-1,0
lage,1,2,-1,-1,-1,0,0
informere,1,12,-11,-1,-1,0,0
orientere,1,5,-4,-1,-1,0,0
trekkje,1,2,-1,-1,-1,0,0
ta,1,2,-1,-1,-1,0,0
refse,1,3,-2,-1,-1,0,0
få,4,4,0,0,-1,0,0
krevje,2,7,-5,-1,-1,0,0
skrive,1,5,-4,-1,-1,0,0
få,4,4,0,0,-1,0,0
offentleggjere,2,3,-1,-1,-1,0,0
gje,1,2,-1,-1,-1,0,0
leggje,1,2,-1,-1,-1,0,0
halde,1,2,-1,-1,-1,-1,0
få,2,4,-2,-1,-1,0,0
få,3,3,0,0,-1,0,0
leggje,2,3,-1,-1,-1,0,0
få,2,2,0,0,-1,0,0
overlate,1,2,-1,-1,-1,-1,0
lokalisere,2,5,-3,-1,-1,0,0
ta,9,4,5,1,-1,0,0
få,3,3,0,0,-1,0,0
oppmode,1,2,1,1,1,0,0
setje,1,2,-1,-1,-1,0,0
rive,1,3,-2,-1,-1,0,0
ta,1,2,-1,-1,-1,0,0
få,4,3,1,1,-1,0,0
vinne,2,2,0,0,-1,0,0
tape,2,2,0,0,-1,0,0
gje,1,5,-4,-1,-1,0,0
dra,1,4,-3,-1,-1,-1,0
ha,2,2,0,0,-1,0,0
ta,1,2,-1,-1,-1,0,0
vinne,2,3,-1,-1,-1,0,0
nikke,1,2,-1,-1,-1,0,0
drible,1,4,-3,-1,-1,-1,0
melde,1,2,-1,-1,-1,-1,0
seie,1,2,-1,-1,-1,0,0
gje,1,7,-6,-1,-1,-1,0
gje,6,3,3,1,-1,0,0
ta,2,2,0,0,-1,0,0
treffe,1,8,-7,-1,-1,0,0
handsame,2,2,0,0,-1,0,0
sende,2,17,-15,-1,-1,0,0
gjere,1,2,-1,-1,-1,-1,0
utvide,1,7,-6,-1,-1,0,0
ta,2,2,0,0,-1,0,0
leggje,1,2,-1,-1,-1,0,0
engasjere,1,7,-6,-1,-1,-1,0
ta,1,2,-1,-1,-1,0,0
avgjere,1,3,-2,-1,-1,0,0
vinne,6,2,4,1,-1,0,0
ha,6,2,4,1,-1,0,0
ha,2,2,0,0,-1,0,0
ha,1,2,-1,-1,-1,0,0
trenge,2,3,-1,-1,-1,0,0
ha,7,2,-5,-1,1,0,0
ha,2,4,-2,-1,-1,0,0
ha,2,2,0,0,-1,0,0
