Verb,NP_len,PP_len,Len_diff,Len,Arg_status,Pronominality,Order
encontrar,1,3,2,1,1,1,1
especializar,1,3,2,1,1,1,1
dispor,4,4,0,0,-1,0,1
apresentar,12,10,2,1,-1,0,1
ter,1,3,2,1,1,0,1
compor,1,15,14,1,1,1,1
haver,5,3,-2,-1,1,0,1
alargar,4,17,13,1,1,0,1
ceder,1,6,5,1,1,0,1
pedir,1,5,-4,-1,-1,-1,1
tomar,7,4,-3,-1,1,0,1
evocar,21,3,18,1,-1,0,1
ter,5,3,2,1,-1,0,1
vencer,4,5,1,1,1,0,1
escolher,8,6,2,1,-1,0,1
ler,12,7,5,1,-1,0,1
manifestar,1,4,3,1,1,0,1
organizar,2,2,0,0,1,0,1
defender,3,2,-1,-1,1,0,1
traduzir,7,3,4,1,-1,0,1
pisar,6,2,4,1,-1,0,1
haver,5,3,2,1,-1,0,1
dar,3,5,2,1,1,0,1
enviar,2,4,2,1,1,0,1
dirigir,1,3,2,1,1,1,1
apontar,2,3,1,1,1,0,1
instalar,6,10,4,1,1,0,1
adquirir,3,9,6,1,1,0,1
evacuar,2,14,12,1,1,0,1
alertar,3,4,-1,-1,-1,0,1
ir,1,3,2,1,1,1,1
fazer,22,2,20,1,-1,0,1
colocar,6,4,2,1,-1,0,1
dar,2,3,1,1,1,0,1
oferecer,10,5,5,1,-1,0,1
gozar,5,7,2,1,1,0,1
recusar,7,2,5,1,-1,0,1
substituir,1,11,10,1,1,1,1
fechar,1,4,3,1,1,1,1
passar,1,31,30,1,1,0,1
pôr,2,7,5,1,1,0,1
ter,1,2,1,1,1,0,1
ter,14,17,3,1,1,0,1
haver,1,6,5,1,1,0,1
traçar,3,11,8,1,1,0,1
ver,2,30,28,1,1,0,1
acompanhar,5,31,26,1,1,0,1
dividir,2,3,1,1,1,0,1
pintar,11,2,9,1,-1,0,1
deixar,2,6,4,1,1,0,1
criticar,3,4,1,1,1,1,1
praticar,1,3,2,1,1,0,1
vender,2,3,1,1,1,0,1
liderar,23,2,21,1,-1,0,1
defender,34,4,30,1,-1,0,1
encontrar,1,23,22,1,1,1,1
afirmar,3,7,4,1,1,0,1
remeter,5,21,16,1,1,0,1
situar,2,27,25,1,1,0,1
entregar,4,18,14,1,1,0,1
suscitar,2,4,2,1,1,0,1
desempenhar,3,6,3,1,1,0,1
manter,5,3,2,1,-1,0,1
deitar,2,10,8,1,1,-1,1
pôr,13,2,11,1,-1,0,1
negociar,7,8,1,1,1,0,1
ter,1,3,2,1,1,0,1
ter,23,2,21,1,-1,0,1
criar,9,8,1,1,-1,0,1
reunir,1,2,1,1,1,1,1
provocar,1,3,2,1,1,0,1
levar,6,3,3,1,-1,0,1
ter,12,8,4,1,-1,0,1
percorrer,2,6,4,1,1,0,1
reiterar,9,17,8,1,1,0,1
haver,1,6,5,1,1,0,1
fazer,2,3,1,1,1,1,1
fornecer,13,8,5,1,-1,0,1
dar,3,4,1,1,1,0,1
trazer,1,2,1,1,1,1,1
alargar,3,14,11,1,1,0,1
ilustrar,1,5,4,1,1,1,1
aprovar,31,3,28,1,-1,0,1
haver,6,32,26,1,1,0,1
acrescentar,1,12,11,1,1,0,1
condenar,5,2,3,1,-1,0,1
apresentar,2,3,1,1,1,0,1
estrear,1,4,3,1,1,1,1
bater,1,3,2,1,1,1,1
haver,1,5,4,1,1,0,1
dividir,2,3,1,1,1,0,1
retirar,2,5,3,1,1,0,1
evitar,4,19,15,1,1,0,1
reivindicar,8,7,-1,-1,1,0,1
manter,1,7,6,1,1,1,1
manter,1,10,9,1,1,1,1
falar,5,17,12,1,1,0,1
pronunciar,1,10,9,1,1,1,1
representar,4,4,0,0,-1,0,1
ter,33,5,28,1,-1,0,1
proceder,14,7,7,1,-1,0,1
apresentar,1,8,7,1,1,1,1
ter,19,5,14,1,-1,0,1
intrometer,1,6,5,1,1,1,1
dispor,18,4,14,1,-1,0,1
alimentar,3,11,8,1,1,-1,1
fazer,1,3,2,1,1,0,1
apostar,1,22,21,1,1,1,1
conquistar,7,2,-5,-1,1,0,1
explicar,7,4,-3,-1,1,0,1
escolher,2,3,1,1,1,0,1
morrer,6,9,3,1,1,0,1
adiar,9,3,6,1,-1,0,1
dividir,5,20,15,1,1,0,1
abrir,3,3,0,0,1,0,1
confirmar,3,8,5,1,1,0,1
portar,1,3,2,1,1,1,1
provocar,1,23,22,1,1,0,1
reclamar,20,2,18,1,-1,0,1
iniciar,3,12,9,1,1,0,1
instalar,2,8,6,1,1,-1,1
fazer,2,21,19,1,1,0,1
libertar,15,6,9,1,-1,0,1
encontrar,1,9,8,1,1,1,1
sequestrar,2,15,13,1,1,0,1
retirar,3,5,2,1,1,0,1
colocar,1,10,9,1,1,1,1
esticar,2,4,2,1,1,0,1
retomar,2,6,4,1,1,0,1
encontrar,1,6,5,1,1,1,1
interpretar,8,6,-2,-1,1,0,1
mover,1,6,5,1,1,1,1
reconverter,5,5,0,0,1,0,1
buscar,2,3,1,1,1,0,1
servir,6,3,3,1,-1,0,1
transformar,9,6,3,1,-1,0,1
seguir,15,3,12,1,-1,0,1
assentar,1,11,10,1,1,0,1
tornar,1,3,2,1,1,1,1
controlar,4,2,-2,-1,1,0,1
acolher,30,12,18,1,-1,0,1
juntar,1,9,8,1,1,1,1
pedir,9,17,8,1,1,0,1
deitar,5,2,3,1,-1,0,1
significar,3,6,3,1,1,0,1
capturar,13,8,-5,-1,1,0,1
decidir,2,4,2,1,1,0,1
assegurar,3,8,5,1,1,0,1
golear,4,2,-2,-1,1,0,1
elevar,21,2,19,1,-1,0,1
manter,1,13,12,1,1,1,1
manter,13,2,11,1,-1,0,1
conseguir,7,5,-2,-1,1,0,1
depositar,2,3,1,1,1,0,1
tentar,3,4,-1,-1,-1,0,1
conseguir,7,6,1,1,-1,0,1
experimentar,12,2,10,1,-1,0,1
ligar,5,11,6,1,1,0,1
aproveitar,2,3,1,1,1,0,1
dirigir,1,3,2,1,1,1,1
ver,3,2,1,1,-1,1,1
defrontar,13,4,9,1,-1,0,1
empolgar,2,8,6,1,1,0,1
defrontar,13,4,9,1,-1,0,1
bater,9,4,-5,-1,1,0,1
ajudar,2,9,7,1,1,0,1
comprovar,18,7,-11,-1,1,0,1
introduzir,6,3,3,1,-1,0,1
situar,1,15,14,1,1,1,1
detectar,10,2,8,1,-1,0,1
fazer,3,4,1,1,1,0,1
ter,10,3,7,1,-1,0,1
empregar,4,4,0,0,-1,1,1
reinserir,1,4,3,1,1,0,1
governar,1,11,10,1,1,0,1
ver,2,13,11,1,1,0,1
começar,3,11,8,1,1,-1,1
ter,5,4,-1,-1,1,0,1
contar,3,5,2,1,1,0,1
influenciar,10,4,6,1,-1,0,1
efectuar,12,5,7,1,-1,0,1
defender,11,2,9,1,-1,0,1
defender,5,7,2,1,1,0,1
sentir,5,3,2,1,-1,0,1
haver,21,12,-9,-1,1,-1,1
deixar,1,30,29,1,1,0,1
acompanhar,9,2,7,1,-1,0,1
constituir,7,2,5,1,-1,1,1
dar,2,2,0,0,-1,0,1
haver,1,2,1,1,1,0,1
compatibilizar,4,14,10,1,1,0,1
conferir,3,4,1,1,1,0,1
impor,4,10,6,1,1,0,1
manifestar,1,2,1,1,1,1,1
haver,15,3,12,1,-1,0,1
chegar,6,3,3,1,-1,0,1
abrir,2,4,-2,-1,-1,0,1
manter,8,6,2,1,-1,0,1
valorizar,1,2,1,1,1,1,1
confirmar,11,2,9,1,-1,0,1
juntar,1,2,1,1,1,1,1
inaugurar,2,3,1,1,1,0,1
chegar,6,6,0,0,1,0,1
usar,1,11,10,1,1,1,1
enxugar,2,20,18,1,1,0,1
macular,11,3,8,1,-1,0,1
seguir,1,2,1,1,1,1,1
observar,9,2,7,1,-1,0,1
recolher,4,9,5,1,1,0,1
reafirmar,7,4,3,1,-1,0,1
ver,6,3,3,1,-1,0,1
colocar,18,6,12,1,-1,0,1
lançar,3,21,18,1,1,0,1
aplaudir,2,2,0,0,1,0,1
apostar,3,2,-1,-1,1,0,1
significar,17,3,14,1,-1,0,1
juntar,23,3,20,1,-1,0,1
encontrar,1,4,3,1,1,1,1
ter,15,3,12,1,-1,0,1
nascer,15,8,7,1,-1,0,1
limitar,2,7,5,1,1,0,1
posicionar,2,13,11,1,1,0,1
abrir,4,6,2,1,1,0,1
ultrapassar,6,24,18,1,1,0,1
justificar,10,3,7,1,-1,0,1
ter,2,3,1,1,1,0,1
descobrir,2,13,11,1,1,0,1
ter,4,10,6,1,1,0,1
alcançar,31,2,29,1,-1,0,1
adoptar,35,4,31,1,-1,0,1
deixar,3,3,0,0,1,0,1
envolver,10,8,-2,-1,1,0,1
ter,6,2,4,1,-1,0,1
servir,7,4,3,1,-1,0,1
participar,12,6,-6,-1,1,0,1
reivindicar,8,17,9,1,1,0,1
misturar,1,2,1,1,1,0,1
duplicar,3,6,3,1,1,0,1
inserir,1,16,15,1,1,1,1
marcar,2,8,6,1,1,0,1
aceitar,6,15,9,1,1,0,1
ultrapassar,4,5,1,1,1,0,1
deixar,4,2,-2,-1,1,0,1
cortar,2,17,15,1,1,0,1
terminar,8,4,-4,-1,1,0,1
perder,2,4,2,1,1,0,1
dominar,2,4,2,1,1,0,1
instalar,1,3,2,1,1,1,1
manter,7,13,6,1,1,0,1
referir,1,7,6,1,1,1,1
haver,3,18,15,1,1,0,1
registar,27,3,24,1,-1,0,1
terminar,4,3,-1,-1,1,0,1
derrotar,1,4,3,1,1,0,1
conquistar,6,4,2,1,-1,0,1
diminuir,3,3,0,0,1,0,1
averbar,7,5,2,1,-1,0,1
superar,7,5,2,1,-1,0,1
colocar,4,15,11,1,1,0,1
receber,48,2,46,1,-1,1,1
regulamentar,2,9,7,1,1,0,1
pedir,4,3,-1,-1,1,0,1
estimar,3,7,4,1,1,0,1
dividir,2,4,2,1,1,0,1
conseguir,2,4,2,1,1,0,1
atrasar,2,3,1,1,1,0,1
dividir,2,3,-1,-1,-1,0,1
roer,2,10,8,1,1,0,1
entregar,3,2,-1,-1,1,0,1
levantar,1,3,2,1,1,0,1
fazer,2,3,1,1,1,0,1
lembrar,11,7,4,1,-1,0,1
ter,3,2,1,1,-1,0,1
apresentar,4,4,0,0,1,0,1
aceitar,4,2,2,1,-1,0,1
realizar,4,2,2,1,-1,0,1
remeter,2,6,4,1,1,0,1
juntar,5,3,-2,-1,1,0,1
formalizar,9,9,0,0,1,0,1
haver,14,2,12,1,-1,0,1
ocupar,1,8,7,1,1,0,1
expor,15,4,11,1,-1,0,1
cheirar,2,32,30,1,1,0,1
passar,8,3,5,1,-1,0,1
identificar,2,3,-1,-1,-1,0,1
iniciar,2,16,14,1,1,0,1
permitir,2,4,2,1,1,0,1
apresentar,1,2,1,1,1,0,1
pôr,5,2,3,1,-1,0,1
iniciar,3,2,-1,-1,1,0,1
encontrar,2,3,-1,-1,-1,0,1
aguardar,2,2,0,0,1,0,1
fazer,1,23,22,1,1,1,1
fornecer,5,4,-1,-1,1,0,1
negociar,1,3,2,1,1,0,1
cozinhar,2,3,1,1,1,0,1
ter,12,2,10,1,-1,0,1
acompanhar,1,6,5,1,1,0,1
haver,41,3,38,1,-1,0,1
constituir,2,4,2,1,1,0,1
reduzir,16,21,5,1,1,0,1
juntar,19,6,13,1,-1,0,1
assinar,7,2,5,1,-1,0,1
atacar,13,4,9,1,-1,0,1
gerir,3,6,3,1,1,0,1
desencadear,1,5,4,1,1,0,1
retratar,2,11,9,1,1,0,1
ver,1,2,1,1,1,0,1
fazer,3,31,28,1,1,0,1
fazer,3,18,15,1,1,0,1
afunilar,2,3,1,1,1,0,1
conduzir,2,3,1,1,1,0,1
receber,6,4,2,1,-1,0,1
superar,13,2,11,1,-1,1,1
contar,40,14,26,1,-1,0,1
apresentar,3,3,0,0,-1,0,1
pedir,1,3,2,1,1,0,1
preparar,2,2,0,0,1,0,1
ter,2,2,0,0,1,0,1
ter,7,2,5,1,-1,0,1
prejudicar,1,2,1,1,1,0,1
passar,4,4,0,0,-1,0,1
curvar,1,6,5,1,1,1,1
falar,3,16,13,1,1,0,1
chamar,2,44,42,1,1,0,1
visitar,1,2,1,1,1,0,1
emitir,7,2,5,1,-1,0,1
ver,2,2,0,0,1,0,1
aceitar,32,10,22,1,-1,0,1
servir,21,7,14,1,-1,0,1
integrar,6,3,-3,-1,1,0,1
fazer,2,4,2,1,1,0,1
prefaciar,2,14,12,1,1,0,1
leccionar,7,6,-1,-1,1,0,1
fazer,2,2,0,0,1,0,1
olhar,3,3,0,0,-1,0,1
criar,1,6,5,1,1,0,1
ouvir,2,8,6,1,1,0,1
ter,3,3,0,0,1,0,1
submeter,39,7,32,1,-1,0,1
reduzir,3,4,-1,-1,-1,0,1
transportar,3,6,3,1,1,0,1
reconciliar,2,3,1,1,1,0,1
deixar,2,3,1,1,1,0,1
viver,7,3,4,1,-1,0,1
espetar,2,6,4,1,1,0,1
deitar,4,2,2,1,-1,0,1
cortar,2,3,1,1,1,0,1
explodir,2,2,0,0,1,0,1
lançar,3,8,5,1,1,0,1
trazer,10,2,8,1,-1,1,1
levar,2,10,8,1,1,0,1
sugerir,2,21,19,1,1,0,1
opor,26,3,23,1,-1,-1,1
relegar,2,8,6,1,1,0,1
passar,2,3,1,1,1,0,1
assistir,3,3,0,0,1,0,1
acabar,2,4,2,1,1,1,1
defender,14,10,4,1,-1,0,1
inclinar,2,3,1,1,1,0,1
apanhar,24,2,22,1,-1,0,1
atingir,2,3,1,1,1,0,1
marcar,2,9,7,1,1,0,1
atingir,3,7,4,1,1,0,1
indicar,7,6,1,1,-1,0,1
alcançar,4,3,-1,-1,1,0,1
marcar,19,2,17,1,-1,0,1
pegar,3,3,0,0,1,0,1
experimentar,16,2,14,1,-1,0,1
falhar,3,2,1,1,-1,0,1
ganhar,16,2,-14,-1,1,0,1
enviar,2,6,-4,-1,-1,0,1
ter,8,2,-6,-1,1,0,1
colocar,3,10,7,1,1,0,1
ter,2,4,2,1,1,0,1
inscrever,7,5,2,1,-1,0,1
tratar,7,6,1,1,-1,0,1
dar,1,6,5,1,1,0,1
negar,1,6,5,1,1,0,1
seguir,11,2,9,1,-1,0,1
pôr,2,4,2,1,1,0,1
atingir,5,2,-3,-1,1,0,1
repartir,2,4,2,1,1,0,1
pôr,5,2,3,1,-1,0,1
opor,2,4,2,1,1,0,1
depositar,5,10,5,1,1,0,1
levar,1,6,5,1,1,1,1
levar,1,5,4,1,1,1,1
dar,6,6,0,0,1,0,1
vender,7,4,-3,-1,1,0,1
inaugurar,6,5,-1,-1,1,0,1
ver,1,2,1,1,1,0,1
aprovar,16,4,12,1,-1,0,1
revelar,45,3,42,1,-1,0,1
falar,9,6,-3,-1,1,0,1
comer,1,3,2,1,1,0,1
ter,18,2,16,1,-1,0,1
tirar,5,7,2,1,1,0,1
ver,16,2,14,1,-1,0,1
opor,13,3,10,1,-1,0,1
ter,73,4,69,1,-1,0,1
manter,14,20,6,1,1,0,1
haver,6,4,-2,-1,1,0,1
distribuir,3,3,0,0,1,0,1
proceder,6,7,1,1,1,0,1
inserir,3,6,3,1,1,0,1
encontrar,13,3,10,1,-1,0,1
vacinar,2,36,34,1,1,0,1
provocar,2,3,1,1,1,0,1
infectar,1,11,10,1,1,1,1
morrer,6,13,7,1,1,0,1
ceder,18,3,15,1,-1,0,1
abrir,1,28,27,1,1,0,1
bombardear,18,7,11,1,-1,0,1
colocar,12,2,10,1,-1,0,1
mandar,1,3,2,1,1,1,1
falar,5,3,2,1,-1,0,1
interpretar,38,3,35,1,-1,0,1
mexer,2,2,0,0,1,0,1
fundar,3,6,3,1,1,0,1
receber,2,4,2,1,1,0,1
conquistar,2,7,5,1,1,0,1
administrar,1,9,8,1,1,0,1
conhecer,17,13,-4,-1,1,0,1
ter,14,2,12,1,-1,0,1
ter,1,2,1,1,1,0,1
trocar,1,3,2,1,1,1,1
percorrer,3,3,0,0,1,0,1
conseguir,2,26,24,1,1,0,1
pôr,5,2,3,1,-1,0,1
levar,3,5,2,1,1,0,1
terminar,3,9,6,1,1,0,1
marcar,2,6,4,1,1,0,1
marcar,2,7,5,1,1,0,1
ganhar,4,10,6,1,1,0,1
ter,2,3,1,1,1,0,1
solicitar,4,2,2,1,-1,0,1
confirmar,12,4,8,1,-1,0,1
atravessar,3,2,1,1,-1,0,1
afastar,4,2,-2,-1,1,0,1
fazer,4,20,16,1,1,0,1
receber,2,6,4,1,1,0,1
indicar,14,5,9,1,-1,0,1
reexaminar,12,14,2,1,1,0,1
pôr,3,5,2,1,1,0,1
interessar,3,9,6,1,1,0,1
fazer,1,3,2,1,1,0,1
divulgar,13,4,9,1,-1,0,1
influenciar,3,5,2,1,1,0,1
ter,1,3,2,1,1,0,1
dizer,10,5,5,1,-1,-1,1
perder,8,2,6,1,-1,0,1
retirar,1,8,7,1,1,0,1
assumir,13,3,10,1,-1,0,1
pôr,2,33,31,1,1,0,1
causar,2,3,-1,-1,-1,0,1
enfrentar,9,2,7,1,-1,0,1
refugiar,1,23,22,1,1,1,1
aguentar,19,7,12,1,-1,0,1
reunir,35,3,32,1,-1,0,1
prever,25,3,22,1,-1,0,1
cobrir,2,6,4,1,1,0,1
repartir,3,4,-1,-1,-1,0,1
afectar,2,3,1,1,1,0,1
manter,3,4,1,1,1,0,1
equivaler,2,20,18,1,1,0,1
perder,3,6,3,1,1,0,1
bater,16,5,11,1,-1,0,1
assumir,2,3,1,1,1,0,1
apanhar,3,11,8,1,1,0,1
dar,2,3,1,1,1,0,1
ter,2,3,1,1,1,0,1
visitar,17,4,13,1,-1,0,1
ter,1,4,3,1,1,1,1
fechar,5,9,4,1,1,0,1
remover,14,2,12,1,-1,0,1
chegar,19,4,15,1,-1,0,1
ultrapassar,2,12,10,1,1,0,1
terminar,3,5,2,1,1,0,1
manter,2,15,13,1,1,0,1
haver,1,5,4,1,1,0,1
preocupar,3,6,3,1,1,-1,1
realçar,5,24,19,1,1,0,1
erguer,4,15,11,1,1,0,1
publicar,2,47,45,1,1,0,1
permitir,9,3,-6,-1,1,0,1
utilizar,4,6,2,1,1,0,1
ter,2,11,9,1,1,0,1
vencer,2,3,1,1,1,0,1
comprar,4,5,1,1,1,0,1
destribuir,4,3,1,1,-1,0,1
pôr,1,2,1,1,1,0,1
requerer,28,6,22,1,-1,0,1
ter,7,2,5,1,-1,0,1
criticar,3,17,14,1,1,0,1
avistar,10,4,6,1,-1,0,1
ultrapassar,4,4,0,0,-1,0,1
tratar,2,2,0,0,-1,0,1
provocar,2,11,9,1,1,0,1
abonar,7,2,5,1,-1,1,1
trocar,1,2,1,1,1,0,1
injectar,2,3,1,1,1,0,1
estender,2,11,9,1,1,0,1
encontrar,2,29,27,1,1,0,1
encontrar,2,4,2,1,1,0,1
inaugurar,7,2,-5,-1,1,0,1
remeter,20,3,17,1,-1,0,1
suscitar,3,6,3,1,1,0,1
integrar,14,4,10,1,-1,0,1
passar,2,13,11,1,1,0,1
atirar,3,3,0,0,1,0,1
encontrar,4,3,1,1,-1,0,1
retirar,1,3,2,1,1,1,1
mandar,3,3,0,0,1,1,1
mostrar,5,12,7,1,1,0,1
estabelecer,2,7,5,1,1,0,1
ter,2,11,9,1,1,0,1
colocar,5,6,-1,-1,-1,0,1
fazer,6,2,-4,-1,1,0,1
ter,7,3,4,1,-1,0,1
abandonar,2,7,5,1,1,0,1
justificar,3,7,4,1,1,0,1
conceder,2,20,18,1,1,0,1
imprimir,9,3,6,1,-1,0,1
promover,2,4,2,1,1,0,1
suavizar,3,11,8,1,1,0,1
reduzir,6,12,6,1,1,0,1
assegurar,4,3,1,1,-1,0,1
optar,6,25,19,1,1,0,1
violar,6,4,2,1,-1,0,1
publicar,5,6,-1,-1,-1,0,1
implicar,11,2,9,1,-1,0,1
ter,13,3,10,1,-1,0,1
representar,2,7,5,1,1,0,1
assinar,51,5,46,1,-1,0,1
financiar,22,4,18,1,-1,0,1
interpretar,21,10,11,1,-1,0,1
originar,6,5,-1,-1,1,0,1
perder,2,3,1,1,1,0,1
obter,22,3,19,1,-1,0,1
informar,6,28,22,1,1,0,1
ter,1,8,7,1,1,0,1
vencer,3,32,29,1,1,0,1
representar,2,9,7,1,1,0,1
ajudar,3,5,2,1,1,0,1
passar,13,5,8,1,-1,0,1
proceder,7,7,0,0,1,0,1
ter,10,4,-6,-1,1,0,1
elevar,42,5,37,1,-1,0,1
decorrer,18,2,16,1,-1,0,1
abraçar,4,3,1,1,-1,0,1
pôr,2,2,0,0,-1,0,1
solicitar,2,7,5,1,1,0,1
defender,2,6,4,1,1,0,1
criticar,2,24,22,1,1,0,1
assinar,13,5,8,1,-1,0,1
estragar,2,2,0,0,1,0,1
oficiar,2,34,32,1,1,0,1
sequestrar,1,23,22,1,1,0,1
fazer,2,6,4,1,1,0,1
fazer,3,2,-1,-1,1,0,1
brindar,1,67,66,1,1,1,1
falar,6,12,6,1,1,0,1
ter,10,3,7,1,-1,0,1
lançar,1,4,3,1,1,0,1
ter,1,6,5,1,1,0,1
responsabilizar,2,11,9,1,1,0,1
suportar,6,7,-1,-1,-1,0,1
iniciar,2,7,5,1,1,0,1
dar,2,6,4,1,1,0,1
apoiar,2,6,4,1,1,0,1
fechar,8,12,4,1,1,-1,1
verificar,5,23,18,1,1,0,1
entender,75,3,72,1,-1,0,1
contar,4,24,20,1,1,0,1
ocupar,5,3,-2,-1,1,0,1
trazer,31,2,29,1,-1,1,1
haver,10,4,6,1,-1,0,1
fazer,1,2,1,1,1,0,1
desempenhar,16,11,-5,-1,1,0,1
retirar,3,3,0,0,1,0,1
distinguir,5,5,0,0,1,0,1
ter,10,2,-8,-1,1,0,1
agravar,6,4,2,1,-1,0,1
oferecer,1,3,2,1,1,0,1
entregar,7,3,4,1,-1,0,1
pegar,3,32,29,1,1,0,1
sustentar,5,19,14,1,1,0,1
decidir,2,3,1,1,1,1,1
contar,8,3,5,1,-1,0,1
conhecer,5,5,0,0,-1,0,1
dizer,1,3,2,1,1,1,1
haver,2,3,1,1,1,0,1
ter,3,4,1,1,1,0,1
divulgar,20,4,16,1,-1,0,1
estimular,3,14,11,1,1,0,1
haver,3,5,2,1,1,0,1
conduzir,1,3,2,1,1,1,1
pôr,1,18,17,1,1,0,1
entregar,6,16,10,1,1,0,1
ingerir,2,6,4,1,1,0,1
tratar,12,3,-9,-1,1,0,1
distribuir,7,2,5,1,-1,1,1
haver,3,4,1,1,1,0,1
fazer,5,2,3,1,-1,0,1
juntar,7,2,5,1,-1,0,1
responder,9,2,7,1,-1,0,1
agredir,2,3,1,1,1,0,1
movimentar,1,3,2,1,1,0,1
fazer,7,8,1,1,1,0,1
olhar,2,3,1,1,1,0,1
suceder,21,3,18,1,-1,-1,1
haver,1,7,6,1,1,0,1
ilustrar,14,4,10,1,-1,0,1
apontar,26,4,22,1,-1,0,1
inviabilizar,12,3,9,1,-1,0,1
traduzir,1,7,6,1,1,1,1
oferecer,11,14,3,1,1,0,1
visitar,1,4,3,1,1,0,1
meter,2,2,0,0,1,0,1
pagar,3,2,-1,-1,1,0,1
dar,2,6,4,1,1,0,1
agredir,3,6,3,1,1,0,0
conduzir,2,8,-6,-1,-1,0,0
organizar,6,3,-3,-1,1,0,0
haver,2,7,-5,-1,-1,0,0
comprar,2,6,-4,-1,-1,0,0
vencer,36,5,-31,-1,1,0,0
ver,2,3,-1,-1,-1,0,0
haver,3,4,-1,-1,-1,0,0
constituir,10,5,5,1,-1,-1,0
retirar,3,4,1,1,1,0,0
aplicar,5,16,-11,-1,-1,0,0
excluir,3,3,0,0,-1,0,0
tomar,2,12,-10,-1,-1,0,0
haver,2,7,-5,-1,-1,0,0
aprovar,8,8,0,0,1,0,0
derrotar,10,3,7,1,-1,0,0
resumir,20,4,-16,-1,1,0,0
dar,1,6,-5,-1,-1,0,0
desbloquear,2,45,-43,-1,-1,0,0
gerar,32,6,-26,-1,1,0,0
considerar,2,5,-3,-1,-1,0,0
apresentar,4,2,2,1,-1,0,0
escolher,4,4,0,0,-1,0,0
honrar,2,6,-4,-1,-1,0,0
manter,5,3,2,1,-1,0,0
pôr,16,3,-13,-1,1,0,0
apresentar,1,5,-4,-1,-1,0,0
estrear,4,5,1,1,1,0,0
causar,2,7,-5,-1,-1,0,0
pressionar,7,42,-35,-1,-1,0,0
conseguir,3,20,-17,-1,-1,0,0
compatibilizar,5,6,-1,-1,-1,0,0
sentar,2,4,-2,-1,-1,0,0
apresentar,20,5,-15,-1,1,0,0
seguir,5,5,0,0,-1,0,0
haver,1,2,-1,-1,-1,1,0
brindar,4,4,0,0,-1,0,0
assumir,4,3,1,1,-1,0,0
igualar,2,3,-1,-1,-1,0,0
efectuar,2,6,-4,-1,-1,0,0
concretizar,4,2,2,1,-1,0,0
ter,1,3,-2,-1,-1,0,0
vencer,3,2,1,1,-1,0,0
escrever,3,3,0,0,-1,0,0
mandar,1,4,-3,-1,-1,-1,0
perdoar,4,3,1,1,-1,0,0
ter,7,8,-1,-1,-1,0,0
ter,4,2,-2,-1,1,0,0
provocar,1,10,-9,-1,-1,0,0
quebrar,11,2,-9,-1,1,0,0
atrair,2,4,-2,-1,-1,0,0
atingir,2,3,1,1,1,0,0
fechar,2,11,-9,-1,-1,0,0
suceder,3,8,-5,-1,-1,0,0
haver,10,3,-7,-1,1,0,0
anunciar,33,5,-28,-1,1,0,0
registar,7,4,-3,-1,1,0,0
transferir,15,4,-11,-1,1,0,0
completar,5,3,-2,-1,1,0,0
assumir,2,2,0,0,1,0,0
fazer,7,19,-12,-1,-1,0,0
criar,5,2,3,1,-1,0,0
investir,4,3,-1,-1,1,0,0
esperar,7,17,-10,-1,-1,0,0
condenar,9,2,-7,-1,1,0,0
enfrentar,2,31,-29,-1,-1,0,0
criar,1,2,-1,-1,-1,0,0
vender,5,6,-1,-1,-1,0,0
ter,1,12,-11,-1,-1,0,0
analisar,24,5,-19,-1,1,0,0
guardar,3,2,-1,-1,1,0,0
apresentar,4,4,0,0,-1,0,0
registar,2,9,-7,-1,-1,0,0
ter,36,3,-33,-1,1,0,0
ver,20,2,-18,-1,1,-1,0
regulamentar,10,21,-11,-1,-1,0,0
realizar,3,2,1,1,-1,0,0
agarrar,3,3,0,0,-1,0,0
prestar,3,2,1,1,-1,0,0
olhar,4,5,-1,-1,-1,0,0
cultivar,5,2,-3,-1,1,0,0
ganhar,3,6,-3,-1,-1,0,0
fotografar,4,5,-1,-1,-1,0,0
fazer,1,24,-23,-1,-1,-1,0
reduzir,4,14,-10,-1,-1,0,0
desenvolver,2,2,0,0,1,0,0
organizar,18,20,-2,-1,-1,0,0
recriar,7,16,-9,-1,-1,0,0
tratar,32,10,-22,-1,1,0,0
reduzir,21,4,-17,-1,1,0,0
ver,21,2,-19,-1,1,0,0
passear,2,6,-4,-1,-1,-1,0
ter,3,3,0,0,-1,0,0
pôr,12,3,-9,-1,1,0,0
acompanhar,10,15,-5,-1,-1,0,0
realizar,4,3,1,1,-1,0,0
cometer,1,6,-5,-1,-1,0,0
ter,2,18,-16,-1,-1,0,0
legitimar,3,7,-4,-1,-1,0,0
alargar,2,10,-8,-1,-1,0,0
confundir,3,3,0,0,1,0,0
encontrar,16,3,-13,-1,1,0,0
buscarse,2,3,-1,-1,-1,0,0
comprar,2,5,-3,-1,-1,0,0
ter,2,18,-16,-1,-1,0,0
envolver,3,2,-1,-1,1,0,0
fazer,1,4,-3,-1,-1,0,0
colocar,2,6,-4,-1,-1,0,0
dar,2,17,-15,-1,-1,0,0
revestir,5,10,-5,-1,-1,0,0
desempenhar,6,4,2,1,-1,0,0
interpretar,19,22,-3,-1,-1,0,0
herdar,10,6,-4,-1,1,0,0
encerrar,2,6,-4,-1,-1,0,0
levar,2,4,-2,-1,-1,0,0
encerrar,1,3,-2,-1,-1,0,0
pôr,1,3,-2,-1,-1,0,0
colocar,1,7,-6,-1,-1,0,0
fazer,3,5,-2,-1,-1,0,0
atingir,17,2,-15,-1,1,0,0
dizer,2,2,0,0,1,0,0
ver,3,4,1,1,1,0,0
ver,5,3,-2,-1,1,0,0
criar,5,26,-21,-1,-1,0,0
comandar,2,5,-3,-1,-1,0,0
reduzir,3,3,0,0,-1,0,0
realizar,2,4,-2,-1,-1,0,0
manter,3,6,-3,-1,-1,0,0
burlar,4,4,0,0,-1,0,0
revitalizar,2,28,-26,-1,-1,0,0
trazer,3,6,3,1,1,0,0
revisitar,8,8,0,0,1,0,0
acentuar,7,6,1,1,-1,0,0
desempenhar,2,11,-9,-1,-1,0,0
instalar,25,11,-14,-1,1,0,0
fazer,2,4,-2,-1,-1,-1,0
fixar,2,3,-1,-1,-1,0,0
efectuar,4,6,-2,-1,-1,0,0
apurar,1,7,-6,-1,-1,-1,0
constituir,20,4,-16,-1,1,0,0
ler,1,3,-2,-1,-1,0,0
fazer,1,3,-2,-1,-1,0,0
mandar,5,3,-2,-1,1,0,0
financiar,12,8,-4,-1,1,0,0
escalar,2,4,-2,-1,-1,0,0
distribuir,2,5,-3,-1,-1,0,0
ver,3,4,-1,-1,-1,0,0
apelar,3,2,1,1,-1,0,0
cancelar,5,6,-1,-1,-1,0,0
engolir,4,4,0,0,-1,0,0
vislumbrar,6,6,0,0,-1,0,0
expulsar,2,5,-3,-1,-1,0,0
escutar,1,6,-5,-1,-1,0,0
ter,1,9,-8,-1,-1,0,0
publicar,2,14,-12,-1,-1,0,0
ter,1,5,-4,-1,-1,0,0
fazer,1,17,-16,-1,-1,-1,0
referir,6,13,-7,-1,-1,0,0
causar,8,6,2,1,-1,0,0
enfrentar,1,8,-7,-1,-1,0,0
fazer,2,2,0,0,-1,0,0
ver,3,3,0,0,-1,0,0
temer,5,4,1,1,-1,0,0
colocar,30,3,-27,-1,1,0,0
perder,1,6,-5,-1,-1,0,0
trazer,8,3,-5,-1,1,0,0
ter,3,3,0,0,-1,0,0
recomendar,3,6,-3,-1,-1,0,0
provocar,1,8,-7,-1,-1,0,0
qualificar,6,4,2,1,-1,0,0
pôr,1,2,-1,-1,-1,0,0
analisar,2,3,-1,-1,-1,0,0
levar,20,2,-18,-1,1,0,0
começar,2,4,-2,-1,-1,0,0
convocar,1,3,-2,-1,-1,0,0
lançar,2,3,-1,-1,-1,0,0
comprar,1,2,-1,-1,-1,0,0
alugar,2,3,-1,-1,-1,0,0
dar,2,3,-1,-1,-1,0,0
alertar,3,10,-7,-1,-1,0,0
oferecer,1,11,-10,-1,-1,0,0
ver,4,2,-2,-1,1,-1,0
haver,2,3,-1,-1,-1,0,0
haver,7,3,-4,-1,1,0,0
dar,2,6,-4,-1,-1,0,0
haver,3,3,0,0,-1,0,0
manter,2,4,-2,-1,-1,0,0
emitir,2,21,-19,-1,-1,0,0
combater,2,3,-1,-1,-1,0,0
cultivar,2,3,-1,-1,-1,0,0
minimizar,9,5,4,1,-1,0,0
partir,3,6,-3,-1,-1,0,0
buscar,8,7,-1,-1,1,0,0
ter,2,4,-2,-1,-1,0,0
ter,2,3,-1,-1,-1,0,0
retomar,2,2,0,0,-1,0,0
visitar,2,2,0,0,-1,0,0
ganhar,2,11,-9,-1,-1,0,0
conquistar,2,3,-1,-1,-1,0,0
faturar,3,3,0,0,-1,0,0
acertar,16,2,14,1,-1,0,0
transformar,5,13,-8,-1,-1,0,0
acompanhar,5,3,-2,-1,1,0,0
chover,3,6,-3,-1,-1,0,0
ter,1,2,-1,-1,-1,1,0
estimular,2,7,-5,-1,-1,0,0
converter,14,7,-7,-1,1,0,0
ter,5,3,-2,-1,1,0,0
sair,3,5,-2,-1,-1,0,0
ter,3,3,0,0,-1,0,0
incorporar,6,4,-2,-1,1,0,0
resolver,1,2,-1,-1,-1,-1,0
levar,3,3,0,0,1,0,0
procurar,8,14,-6,-1,-1,0,0
bater,3,2,1,1,-1,0,0
romper,1,8,-7,-1,-1,0,0
garfar,2,9,-7,-1,-1,0,0
assistir,3,5,-2,-1,-1,0,0
limitar,4,23,-19,-1,-1,0,0
subordinar,6,3,-3,-1,1,0,0
receber,5,3,2,1,-1,0,0
contratar,10,4,6,1,-1,0,0
provocar,2,3,-1,-1,-1,0,0
abrir,2,4,-2,-1,-1,0,0
cobrar,1,6,-5,-1,-1,0,0
ter,16,4,-12,-1,1,0,0
apresentar,3,35,-32,-1,-1,0,0
cometer,4,27,-23,-1,-1,0,0
dar,2,4,-2,-1,-1,0,0
fazer,1,3,-2,-1,-1,0,0
perder,4,9,-5,-1,-1,0,0
tomar,1,8,-7,-1,-1,0,0
haver,1,4,-3,-1,-1,0,0
ter,1,3,-2,-1,-1,0,0
ler,1,3,-2,-1,-1,0,0
precisar,2,2,0,0,-1,0,0
ter,1,17,-16,-1,-1,0,0
fazer,2,3,-1,-1,-1,0,0
ver,1,3,-2,-1,-1,0,0
dar,1,3,-2,-1,-1,0,0
cumprir,2,8,-6,-1,-1,0,0
praticar,1,3,-2,-1,-1,0,0
enfrentar,3,4,-1,-1,-1,0,0
estimar,29,10,-19,-1,1,1,0
acompanhar,6,3,3,1,-1,0,0
elogiar,8,7,1,1,-1,0,0
representar,3,3,0,0,-1,0,0
confirmar,2,3,-1,-1,-1,0,0
atingir,6,5,1,1,-1,0,0
colocar,5,2,-3,-1,1,0,0
ver,2,3,-1,-1,-1,0,0
falar,2,3,-1,-1,-1,0,0
fazer,1,2,-1,-1,-1,-1,0
levar,2,4,-2,-1,-1,0,0
ver,2,3,-1,-1,-1,0,0
transformar,2,34,-32,-1,-1,0,0
mostrar,6,3,3,1,-1,0,0
prender,1,3,-2,-1,-1,0,0
coincidir,6,12,-6,-1,-1,0,0
condenar,5,2,3,1,-1,0,0
negociar,6,3,-3,-1,1,0,0
fazer,5,18,-13,-1,-1,0,0
derrubar,9,4,5,1,-1,0,0
incluir,11,5,-6,-1,1,0,0
destinar,10,2,-8,-1,1,1,0
converter,2,13,-11,-1,-1,0,0
participar,3,4,-1,-1,-1,0,0
visitar,6,15,-9,-1,-1,0,0
montar,2,8,-6,-1,-1,0,0
prometer,2,4,-2,-1,-1,0,0
registrar,4,2,2,1,-1,0,0
registrar,7,8,1,1,1,0,0
aplicar,5,4,1,1,-1,0,0
ocupar,5,7,-2,-1,-1,0,0
arriscar,1,13,-12,-1,-1,-1,0
ter,2,3,-1,-1,-1,0,0
disputar,5,4,1,1,-1,0,0
mudar,4,7,-3,-1,-1,0,0
protagonizar,4,5,-1,-1,-1,0,0
fazer,1,3,-2,-1,-1,0,0
dar,1,3,-2,-1,-1,0,0
ganhar,3,3,0,0,-1,0,0
converter,2,19,-17,-1,-1,0,0
combater,2,3,-1,-1,-1,0,0
estuprar,5,4,1,1,-1,0,0
mudar,2,3,-1,-1,-1,0,0
marcar,5,8,-3,-1,-1,0,0
repassar,4,6,-2,-1,-1,0,0
investigar,1,2,-1,-1,-1,-1,0
acalmar,2,4,-2,-1,-1,0,0
ocupar,1,8,-7,-1,-1,0,0
descrever,6,2,-4,-1,1,0,0
encontrar,2,6,-4,-1,-1,0,0
colocar,2,2,0,0,-1,0,0
passar,9,7,2,1,-1,0,0
concentrar,2,4,-2,-1,-1,0,0
chegar,5,3,2,1,-1,0,0
conseguir,3,14,-11,-1,-1,0,0
fazer,3,3,0,0,-1,0,0
haver,3,25,-22,-1,-1,-1,0
aumentar,2,4,-2,-1,-1,0,0
movimentar,5,2,3,1,-1,0,0
confrontar,5,14,-9,-1,-1,0,0
renunciar,5,7,-2,-1,-1,0,0
cassar,6,3,-3,-1,1,0,0
falar,3,17,-14,-1,-1,0,0
desconhecer,2,4,-2,-1,-1,0,0
criticar,1,2,-1,-1,-1,1,0
virar,1,3,-2,-1,-1,0,0
contabilizar,3,3,0,0,-1,0,0
ganhar,2,3,-1,-1,-1,0,0
conviver,4,4,0,0,-1,0,0
testar,13,3,-10,-1,1,0,0
exigir,6,6,0,0,-1,0,0
ter,1,5,-4,-1,-1,-1,0
atingir,6,3,3,1,-1,0,0
atingir,5,3,2,1,-1,0,0
cumprir,6,7,-1,-1,-1,0,0
receber,2,8,-6,-1,-1,0,0
inviabilizar,4,7,-3,-1,-1,0,0
disponibilizar,3,6,-3,-1,-1,0,0
usar,2,4,-2,-1,-1,0,0
ter,8,4,-4,-1,1,0,0
reinaugurar,4,2,2,1,-1,0,0
garantir,2,6,-4,-1,-1,0,0
criticar,2,11,-9,-1,-1,0,0
declarar,1,13,-12,-1,-1,0,0
oferecer,1,3,-2,-1,-1,0,0
servir,7,3,-4,-1,1,0,0
empregar,2,6,-4,-1,-1,0,0
arrumar,1,9,-8,-1,-1,0,0
incluir,17,2,15,1,-1,1,0
praticar,3,3,0,0,-1,0,0
perder,17,8,-9,-1,1,0,0
arrasar,5,4,1,1,-1,0,0
estimar,5,4,1,1,-1,0,0
submeter,2,6,-4,-1,-1,0,0
separar,3,3,0,0,-1,0,0
fazer,3,2,1,1,-1,0,0
permanecer,3,4,-1,-1,-1,0,0
ouvir,36,3,-33,-1,1,0,0
acabar,3,6,-3,-1,-1,0,0
expedir,6,2,4,1,-1,0,0
lotar,2,4,-2,-1,-1,0,0
fazer,2,3,-1,-1,-1,0,0
assistir,4,6,-2,-1,-1,0,0
adaptar,5,3,2,1,-1,-1,0
publicar,11,2,-9,-1,1,0,0
permitir,14,5,-9,-1,1,0,0
estourar,2,3,-1,-1,-1,0,0
fazer,4,4,0,0,-1,0,0
correr,3,4,-1,-1,-1,0,0
fazer,2,8,-6,-1,-1,0,0
deixar,1,7,-6,-1,-1,0,0
conhecer,2,2,0,0,-1,0,0
haver,1,7,-6,-1,-1,0,0
fazer,8,14,-6,-1,-1,0,0
ter,5,14,-9,-1,-1,0,0
ler,1,4,-3,-1,-1,0,0
reintegrar,1,3,-2,-1,-1,-1,0
ter,1,4,-3,-1,-1,0,0
fundamentar,7,19,-12,-1,-1,0,0
levar,6,11,-5,-1,-1,0,0
percorrer,5,3,-2,-1,1,0,0
alugar,2,7,-5,-1,-1,0,0
levar,19,2,-17,-1,1,0,0
recuar,2,6,-4,-1,-1,0,0
conseguir,2,3,-1,-1,-1,0,0
tratar,1,3,-2,-1,-1,0,0
ter,2,14,-12,-1,-1,0,0
reduzir,2,3,-1,-1,-1,0,0
mostrar,21,3,-18,-1,1,0,0
substituir,3,8,-5,-1,-1,0,0
receber,3,8,-5,-1,-1,0,0
fazer,5,3,2,1,-1,0,0
fechar,6,4,-2,-1,1,0,0
elevar,31,6,-25,-1,1,0,0
viver,14,3,-11,-1,1,0,0
passar,6,3,3,1,-1,0,0
marcar,3,8,-5,-1,-1,0,0
anular,14,5,9,1,-1,0,0
crescer,2,4,-2,-1,-1,0,0
medir,4,4,0,0,-1,0,0
haver,5,8,-3,-1,-1,0,0
realizar,3,13,-10,-1,-1,0,0
retomar,8,6,2,1,-1,0,0
chegar,3,12,-9,-1,-1,0,0
comprar,1,16,-15,-1,-1,0,0
tratar,3,11,-8,-1,-1,0,0
garantir,2,6,-4,-1,-1,0,0
dar,2,4,-2,-1,-1,0,0
desprezar,5,3,2,1,-1,0,0
reger,1,7,-6,-1,-1,-1,0
diminuir,3,9,-6,-1,-1,0,0
cuidar,4,5,-1,-1,-1,0,0
facilitar,5,6,-1,-1,-1,0,0
incluir,15,2,-13,-1,1,0,0
impedir,1,4,-3,-1,-1,0,0
realizar,6,4,2,1,-1,0,0
decolar,8,3,5,1,-1,0,0
ter,3,4,-1,-1,-1,0,0
determinar,7,9,-2,-1,-1,0,0
afirmar,4,3,1,1,-1,-1,0
deixar,4,2,-2,-1,1,0,0
marcar,2,16,-14,-1,-1,0,0
participar,3,3,0,0,-1,0,0
organizar,3,5,-2,-1,-1,0,0
zonear,7,4,-3,-1,1,0,0
ter,2,3,-1,-1,-1,0,0
massacrar,3,3,0,0,-1,0,0
desencadear,6,3,-3,-1,1,0,0
levar,2,3,-1,-1,-1,0,0
mostrar,2,5,-3,-1,-1,0,0
revelar,17,6,11,1,-1,0,0
contestar,2,4,-2,-1,-1,0,0
mostrar,1,2,-1,-1,-1,-1,0
perder,3,3,0,0,-1,0,0
assistir,2,3,-1,-1,-1,0,0
aceitar,1,3,-2,-1,-1,-1,0
possuir,2,3,-1,-1,-1,0,0
fabricar,3,3,0,0,-1,0,0
conquistar,1,4,-3,-1,-1,0,0
ter,3,14,-11,-1,-1,0,0
esperar,4,3,1,1,-1,0,0
fazer,3,2,1,1,-1,1,0
preferir,3,3,0,0,-1,0,0
dobrar,8,3,-5,-1,1,0,0
estender,1,9,-8,-1,-1,-1,0
vencer,1,17,-16,-1,-1,0,0
escrever,11,3,-8,-1,1,0,0
estrear,2,2,0,0,-1,0,0
esperar,11,3,-8,-1,1,0,0
apresentar,5,6,-1,-1,-1,0,0
falar,8,7,-1,-1,1,0,0
realizar,2,11,-9,-1,-1,0,0
passar,10,8,2,1,-1,0,0
dar,2,3,-1,-1,-1,0,0
ter,1,16,-15,-1,-1,0,0
ter,2,3,-1,-1,-1,0,0
receber,2,3,-1,-1,-1,0,0
autorizar,4,6,-2,-1,-1,0,0
tocar,2,8,-6,-1,-1,0,0
ter,1,4,-3,-1,-1,0,0
descobrir,3,3,0,0,1,0,0
receber,2,2,0,0,1,0,0
subir,2,3,-1,-1,-1,0,0
medir,13,3,10,1,-1,0,0
desejar,9,2,7,1,-1,1,0
haver,2,3,-1,-1,-1,0,0
inaugurar,1,5,-4,-1,-1,0,0
pôr,9,2,-7,-1,1,0,0
ter,24,3,-21,-1,1,0,0
ver,10,2,8,1,-1,0,0
jogar,2,3,1,1,1,0,0
enviar,26,4,-22,-1,1,0,0
explicar,2,2,0,0,-1,0,0
preservar,3,4,-1,-1,-1,0,0
vacinar,4,3,1,1,-1,0,0
aumentar,4,8,-4,-1,-1,0,0
conceder,5,6,-1,-1,-1,0,0
responder,6,4,2,1,-1,0,0
apontar,5,11,-6,-1,-1,0,0
negociar,4,3,-1,-1,1,0,0
somar,2,2,0,0,-1,0,0
emoldurar,14,2,-12,-1,1,0,0
assumir,2,15,-13,-1,-1,0,0
seguir,2,4,-2,-1,-1,0,0
ter,7,3,-4,-1,1,0,0
encomendar,9,4,-5,-1,1,0,0
reduzir,6,3,3,1,-1,0,0
diferenciar,2,3,-1,-1,-1,0,0
fechar,4,3,1,1,-1,0,0
sofrer,1,2,-1,-1,-1,0,0
enviar,13,3,-10,-1,1,0,0
conquistar,2,4,-2,-1,-1,0,0
estabelecer,3,6,-3,-1,-1,0,0
consolidar,13,3,-10,-1,1,0,0
receber,4,4,0,0,-1,0,0
saber,2,3,-1,-1,-1,0,0
votar,6,3,-3,-1,1,0,0
acolher,5,2,3,1,-1,0,0
apontar,4,10,-6,-1,-1,0,0
ler,1,3,-2,-1,-1,0,0
oferecer,6,2,-4,-1,1,0,0
viabilizar,5,4,1,1,-1,0,0
olhar,5,2,-3,-1,1,0,0
divulgar,10,7,3,1,-1,0,0
trazer,3,3,0,0,1,0,0
frequentar,5,3,-2,-1,1,0,0
comprar,2,2,0,0,-1,0,0
transportar,4,6,-2,-1,-1,0,0
aprovar,2,3,-1,-1,-1,0,0
depender,3,3,0,0,1,0,0
ter,3,3,0,0,1,0,0
enviar,1,3,-2,-1,-1,0,0
omitir,3,2,1,1,-1,0,0
desenhar,3,7,-4,-1,-1,0,0
circundar,3,2,-1,-1,1,0,0
lançar,11,2,-9,-1,1,0,0
sair,2,4,-2,-1,-1,0,0
orientar,2,10,-8,-1,-1,0,0
pedir,2,4,-2,-1,-1,0,0
chamar,1,3,-2,-1,-1,0,0
reparar,2,3,-1,-1,-1,0,0
fazer,2,2,0,0,-1,1,0
ter,12,3,-9,-1,1,0,0
ofender,5,6,-1,-1,-1,0,0
atingir,3,4,-1,-1,-1,0,0
ter,2,2,0,0,1,0,0
valer,2,2,0,0,-1,0,0
chegar,6,7,1,1,1,0,0
anteceder,5,3,2,1,-1,0,0
colocar,2,3,-1,-1,-1,0,0
fundar,15,5,-10,-1,1,0,0
ter,2,3,-1,-1,-1,0,0
comprovar,1,9,-8,-1,-1,0,0
radicalizar,1,11,-10,-1,-1,1,0
dar,1,5,-4,-1,-1,0,0
vacinar,1,14,-13,-1,-1,-1,0
interpretar,5,3,-2,-1,1,0,0
julgar,20,2,-18,-1,1,0,0
acertar,2,3,-1,-1,-1,0,0
ter,6,3,-3,-1,1,1,0
levar,2,3,-1,-1,-1,0,0
destroçar,1,3,-2,-1,-1,-1,0
comandar,7,9,-2,-1,-1,0,0
envolver,5,4,1,1,-1,0,0
encontrar,6,2,-4,-1,1,0,0
optar,3,8,-5,-1,-1,0,0
conferir,2,8,-6,-1,-1,0,0
atravessar,10,12,-2,-1,-1,0,0
escalar,3,2,1,1,-1,0,0
querer,3,3,0,0,-1,-1,0
aumentar,2,4,-2,-1,-1,0,0
afiar,1,13,-12,-1,-1,-1,0
debilitar,4,3,1,1,-1,0,0
faltar,3,9,-6,-1,-1,0,0
jogar,1,3,-2,-1,-1,0,0
negociar,3,3,0,0,-1,0,0
render,2,9,-7,-1,-1,0,0
matar,1,2,-1,-1,-1,0,0
firmar,2,5,-3,-1,-1,0,0
desagradar,1,3,-2,-1,-1,-1,0
repartir,2,3,-1,-1,-1,0,0
diluir,3,5,-2,-1,-1,0,0
sair,2,19,-17,-1,-1,0,0
pedir,1,11,-10,-1,-1,0,0
buscar,2,6,-4,-1,-1,0,0
anunciar,17,5,12,1,-1,0,0
abrir,3,2,1,1,-1,0,0
dar,3,3,0,0,1,0,0
ter,2,3,-1,-1,-1,0,0
conviver,4,3,1,1,-1,0,0
ter,1,9,-8,-1,-1,0,0
comentar,7,3,-4,-1,1,0,0
perder,1,3,-2,-1,-1,0,0
embutir,21,2,-19,-1,1,0,0
equilibrar,5,9,-4,-1,-1,0,0
buscar,2,3,-1,-1,-1,0,0
ter,2,17,-15,-1,-1,0,0
haver,2,3,-1,-1,-1,0,0
vencer,2,4,-2,-1,-1,0,0
encontrar,6,14,-8,-1,-1,0,0
mexer,8,4,4,1,-1,0,0
disputar,5,3,2,1,-1,0,0
lançar,1,2,-1,-1,-1,0,0
matar,2,3,-1,-1,-1,0,0
criar,4,20,-16,-1,-1,0,0
atender,14,4,-10,-1,1,0,0
comparecer,15,3,-12,-1,1,0,0
suportar,5,3,-2,-1,1,0,0
haver,12,8,4,1,-1,0,0
depender,3,3,0,0,-1,0,0
refletir,1,14,-13,-1,-1,-1,0
apontar,1,3,-2,-1,-1,0,0
instituir,2,3,-1,-1,-1,0,0
apontar,3,3,0,0,-1,0,0
ter,1,12,-11,-1,-1,0,0
sair,3,2,1,1,-1,0,0
construir,2,2,0,0,-1,0,0
trabalhar,2,3,-1,-1,-1,0,0
produzir,1,3,-2,-1,-1,0,0
receber,3,4,-1,-1,-1,0,0
fazer,1,2,-1,-1,-1,0,0
usar,3,5,2,1,1,0,0
receber,17,2,-15,-1,1,0,0
jogar,2,5,-3,-1,-1,0,0
defender,5,3,2,1,-1,0,0
custar,12,3,-9,-1,1,0,0
receber,4,9,-5,-1,-1,0,0
vender,3,4,-1,-1,-1,0,0
especializar,3,3,0,0,-1,0,0
tatuar,2,3,1,1,1,0,0
colocar,19,6,13,1,-1,0,0
catequizar,2,19,-17,-1,-1,0,0
levar,1,3,-2,-1,-1,0,0
ir,3,7,-4,-1,-1,0,0
decretar,4,12,-8,-1,-1,0,0
votar,2,3,-1,-1,-1,0,0
vencer,2,5,-3,-1,-1,0,0
calçar,6,3,3,1,-1,0,0
enterrar,7,2,-5,-1,1,0,0
preparar,1,4,-3,-1,-1,0,0
conversar,4,3,-1,-1,1,0,0
importar,1,7,-6,-1,-1,0,0
pedir,1,3,-2,-1,-1,0,0
fazer,2,2,0,0,-1,0,0
executar,2,5,-3,-1,-1,0,0
eliminar,2,10,-8,-1,-1,0,0
sofrer,1,5,-4,-1,-1,0,0
ingerir,4,4,0,0,-1,0,0
invadir,2,5,-3,-1,-1,0,0
assistir,2,9,-7,-1,-1,0,0
segurar,6,3,3,1,-1,0,0
colocar,2,3,-1,-1,-1,0,0
conquistar,6,14,-8,-1,-1,0,0
projetar,9,3,-6,-1,1,1,0
prender,22,2,-20,-1,1,0,0
escapar,6,13,-7,-1,-1,0,0
atirar,1,4,-3,-1,-1,0,0
