Verb,NP_len,PP_len,Len_diff,Len,Arg_status,Pronominality,Order
отрядить,2,3,-1,-1,-1,0,1
нанести,2,2,0,0,1,0,1
провести,2,3,1,1,1,0,1
взять,1,2,-1,-1,-1,1,1
собрать,3,2,1,1,-1,0,1
поставить,1,3,2,1,1,1,1
сократить,3,3,0,0,1,0,1
объединять,13,2,11,1,-1,1,1
записать,1,3,2,1,1,0,1
составлять,2,5,3,1,1,0,1
сфокусировать,2,6,4,1,1,0,1
владеть,11,3,-8,-1,1,0,1
утратить,1,2,1,1,1,0,1
варьировать,1,6,5,1,1,0,1
подать,25,2,23,1,-1,0,1
выдавать,1,4,3,1,1,1,1
занять,2,3,1,1,1,0,1
перевозить,1,2,1,1,1,0,1
совершать,1,3,2,1,1,0,1
рассказывать,2,2,0,0,-1,-1,1
получить,2,9,7,1,1,0,1
путать,2,2,0,0,1,0,1
совершить,1,14,13,1,1,0,1
нести,1,7,6,1,1,0,1
устраивать,2,2,0,0,-1,1,1
проводить,1,2,-1,-1,-1,1,1
взимать,2,2,0,0,-1,1,1
задействовать,3,4,1,1,1,0,1
проводить,5,4,-1,-1,1,0,1
возглавлять,3,3,0,0,-1,0,1
внести,1,19,18,1,1,0,1
составлять,2,3,1,1,1,0,1
замещать,4,3,-1,-1,1,0,1
закончить,2,2,0,0,-1,1,1
пригласить,13,2,11,1,-1,0,1
использовать,2,2,0,0,1,0,1
включать,12,2,10,1,-1,1,1
готовить,1,2,1,1,1,0,1
выпустить,6,3,-3,-1,1,0,1
свести,2,4,-2,-1,-1,0,1
получить,5,6,-1,-1,-1,0,1
привлечь,12,2,10,1,-1,0,1
принять,15,2,13,1,-1,0,1
пересекать,3,4,1,1,1,0,1
возглавлять,4,6,2,1,1,0,1
отправлять,1,3,2,1,1,1,1
составлять,2,2,0,0,1,0,1
отвергать,2,17,15,1,1,0,1
иметь,2,4,2,1,1,0,1
преподавать,2,5,3,1,1,0,1
стать,3,6,3,1,1,0,1
внести,2,9,7,1,1,0,1
восстановить,2,2,0,0,-1,1,1
заканчиваться,4,8,-4,-1,-1,0,1
сделать,1,2,1,1,1,0,1
играть,2,8,6,1,1,0,1
собирать,4,12,8,1,1,0,1
задумать,1,6,5,1,1,1,1
основать,2,2,0,0,-1,0,1
владеть,2,6,-4,-1,-1,0,1
затеять,1,2,-1,-1,-1,1,1
использовать,2,4,2,1,1,0,1
покупать,1,2,1,1,1,-1,1
изучать,1,4,3,1,1,0,1
защитить,7,4,-3,-1,1,0,1
послать,2,2,0,0,-1,0,1
поддерживать,4,2,-2,-1,1,0,1
понять,2,6,4,1,1,0,1
отображать,2,3,1,1,1,0,1
взять,6,3,3,1,-1,0,1
казнить,4,8,4,1,1,0,1
использовать,3,11,8,1,1,0,1
устанавливать,2,5,3,1,1,0,1
начать,2,4,2,1,1,0,1
прислать,4,2,2,1,-1,0,1
сводить,7,2,5,1,-1,0,1
издавать,3,4,1,1,1,0,1
одержать,2,17,15,1,1,0,1
получить,3,4,1,1,1,0,1
одержать,1,4,3,1,1,0,1
потерпеть,1,2,1,1,1,0,1
доставлять,4,11,7,1,1,0,1
создавать,2,3,1,1,1,0,1
заменить,3,6,3,1,1,0,1
пройти,1,3,2,1,1,1,1
достигнуть,2,3,1,1,1,0,1
получить,2,2,0,0,1,0,1
обратить,1,6,5,1,1,0,1
отпугнуть,1,3,2,1,1,0,1
нести,11,2,9,1,-1,1,1
построить,1,4,3,1,1,0,1
наслать,2,11,9,1,1,0,1
представлять,6,2,-4,-1,1,0,1
сосредоточить,1,5,4,1,1,0,1
прописать,2,4,2,1,1,0,1
учитывать,2,4,2,1,1,0,1
нести,4,3,-1,-1,1,0,1
включать,10,2,8,1,-1,1,1
вывести,1,3,2,1,1,0,1
начать,1,13,12,1,1,0,1
оценить,1,6,5,1,1,0,1
провести,4,4,0,0,-1,0,1
основать,5,6,1,1,1,0,1
составлять,6,2,-4,-1,1,0,1
покидать,1,3,2,1,1,0,1
сравнивать,1,4,3,1,1,0,1
принять,1,5,4,1,1,0,1
составлять,2,2,0,0,1,0,1
иметь,3,2,1,1,-1,0,1
метать,1,2,1,1,1,0,1
записать,5,4,1,1,-1,0,1
выпустить,17,4,13,1,-1,0,1
натравить,2,2,0,0,1,0,1
критиковать,1,8,7,1,1,0,1
завоевать,2,3,1,1,1,0,1
забить,1,2,1,1,1,0,1
возбудить,5,3,-2,-1,1,0,1
отправить,2,3,1,1,1,0,1
привести,1,9,8,1,1,1,1
назвать,2,4,2,1,1,0,1
заключать,4,2,2,1,-1,1,1
открывать,1,2,-1,-1,-1,1,1
провести,2,2,0,0,-1,0,1
получить,4,5,1,1,1,0,1
включать,11,2,9,1,-1,0,1
переиздать,1,2,1,1,1,0,1
прервать,6,2,-4,-1,1,-1,1
давать,1,2,1,1,1,0,1
одержать,1,8,7,1,1,0,1
взять,22,2,20,1,-1,1,1
носить,11,2,9,1,-1,1,1
проводить,2,4,2,1,1,0,1
обвинить,2,10,8,1,1,0,1
водить,1,10,9,1,1,0,1
одержать,2,4,2,1,1,0,1
разделить,2,3,1,1,1,0,1
оказать,2,10,8,1,1,0,1
потерять,1,4,3,1,1,0,1
отбросить,1,3,2,1,1,0,1
передавать,3,6,3,1,1,0,1
включать,7,2,5,1,-1,1,1
иметь,1,4,3,1,1,0,1
обыграть,2,3,1,1,1,0,1
дожить,2,3,1,1,1,0,1
сохранять,2,3,1,1,1,0,1
околдовывать,1,9,8,1,1,0,1
обрести,4,2,2,1,-1,1,1
стать,1,2,1,1,1,0,1
заявить,3,2,1,1,-1,0,1
получить,1,8,7,1,1,0,1
рассматривать,2,8,6,1,1,0,1
нанести,1,5,4,1,1,0,1
приводить,1,2,1,1,1,0,1
проводить,1,7,6,1,1,0,1
догнать,1,4,3,1,1,0,1
наставлять,2,5,-3,-1,-1,0,1
исполнять,1,2,1,1,1,0,1
захватить,3,3,0,0,-1,0,1
описывать,9,5,4,1,-1,0,1
стать,2,3,1,1,1,0,1
заменить,1,5,4,1,1,0,1
сыграть,2,7,5,1,1,0,1
посетить,1,3,-2,-1,-1,0,1
заключать,4,2,2,1,-1,0,1
прорвать,2,3,1,1,1,0,1
занимать,1,3,2,1,1,0,1
выложить,1,2,1,1,1,0,1
выпускать,2,8,6,1,1,0,1
собрать,6,3,3,1,-1,0,1
получить,2,4,2,1,1,0,1
достигать,2,4,2,1,1,0,1
достигать,16,2,14,1,-1,1,1
получить,3,2,-1,-1,1,0,1
возвестить,2,5,3,1,1,0,1
включать,3,4,-1,-1,-1,0,1
пройти,1,3,2,1,1,0,1
становиться,1,12,11,1,1,0,1
начать,2,9,7,1,1,0,1
назвать,2,9,7,1,1,0,1
обвинить,1,2,-1,-1,-1,0,1
вовлекать,12,2,10,1,-1,0,1
взять,1,2,1,1,1,-1,1
потерять,2,3,1,1,1,0,1
вывести,5,2,3,1,-1,0,1
бросить,3,3,0,0,1,0,1
занимать,4,4,0,0,1,0,1
использовать,4,4,0,0,1,0,1
предоставить,4,7,3,1,1,0,1
уплатить,1,2,1,1,1,-1,1
финансировать,4,3,-1,-1,1,0,1
провозгласить,3,5,2,1,1,0,1
оставить,3,3,0,0,1,0,1
получить,1,14,13,1,1,0,1
сочетать,6,7,1,1,1,0,1
изображать,2,7,5,1,1,0,1
вынести,6,11,5,1,1,0,1
менять,1,2,1,1,1,1,1
исполнять,1,2,1,1,1,0,1
продать,2,4,2,1,1,0,1
занять,2,3,-1,-1,-1,0,1
поставить,1,3,2,1,1,0,1
принимать,2,2,0,0,-1,0,1
мобилизовать,2,3,1,1,1,0,1
склонять,1,2,1,1,1,1,1
узнать,2,2,0,0,-1,0,1
занять,5,3,2,1,-1,0,1
провести,2,3,1,1,1,0,1
завоевать,2,4,2,1,1,0,1
использовать,3,6,3,1,1,0,1
отправить,5,7,2,1,1,0,1
оставить,1,7,6,1,1,0,1
скрыть,4,2,-2,-1,1,0,1
соединять,2,8,6,1,1,0,1
отметиться,3,3,0,0,1,0,1
принимать,14,2,12,1,-1,0,1
привести,1,2,1,1,1,0,1
стать,2,3,1,1,1,0,1
использовать,3,2,-1,-1,1,0,1
посылать,4,2,-2,-1,1,0,1
тренировать,3,4,-1,-1,-1,0,1
вести,1,2,1,1,1,0,1
отражать,2,2,0,0,1,0,1
иметь,7,2,5,1,-1,0,1
доработать,2,2,0,0,-1,0,1
преобразовать,3,2,-1,-1,1,0,1
установить,1,2,1,1,1,0,1
вывезти,2,3,1,1,1,0,1
водить,5,2,-3,-1,1,0,1
обращать,1,4,3,1,1,0,1
представлять,4,2,2,1,-1,1,1
объяснить,6,4,-2,-1,1,0,1
вводить,3,3,0,0,-1,0,1
оставаться,3,5,2,1,1,0,1
использовать,1,7,6,1,1,1,1
связывать,6,2,4,1,-1,0,1
относить,1,4,3,1,1,1,1
отправить,2,2,0,0,-1,0,1
заниматься,2,5,3,1,1,0,1
становиться,1,3,2,1,1,0,1
опубликовать,5,7,2,1,1,0,1
представлять,2,2,0,0,1,0,1
взять,1,6,5,1,1,0,1
получить,1,4,3,1,1,0,1
отправить,1,2,1,1,1,1,1
получить,1,3,2,1,1,1,1
обратить,1,16,15,1,1,0,1
сохранить,3,2,1,1,-1,1,1
приводить,1,23,22,1,1,0,1
построить,3,17,14,1,1,0,1
совмещать,6,2,4,1,-1,1,1
носить,4,4,0,0,1,0,1
представить,1,4,3,1,1,0,1
иметь,11,2,9,1,-1,0,1
отыграть,1,3,2,1,1,0,1
сформулировать,1,5,4,1,1,0,1
совершить,4,2,2,1,-1,0,1
ввозить,1,3,2,1,1,0,1
превращать,4,5,1,1,1,0,1
вернуть,1,3,2,1,1,0,1
подать,1,3,2,1,1,0,1
просить,1,4,3,1,1,1,1
брать,1,2,-1,-1,-1,1,1
строить,3,2,1,1,-1,0,1
привести,1,2,1,1,1,0,1
забить,2,2,0,0,1,0,1
разгромить,1,3,2,1,1,0,1
отличать,1,3,2,1,1,1,1
стать,2,2,0,0,-1,1,1
посетить,1,8,7,1,1,0,1
снимать,1,3,2,1,1,0,1
проявить,1,5,4,1,1,1,1
устанавливать,4,3,-1,-1,1,0,1
подключать,4,2,-2,-1,1,0,1
бросить,1,3,2,1,1,0,1
взять,1,2,1,1,1,0,1
охарактеризовать,2,3,1,1,1,0,1
оценивать,5,6,1,1,1,0,1
применять,3,3,0,0,1,0,1
иметь,2,24,22,1,1,0,1
наслать,11,2,9,1,-1,0,1
делать,1,2,1,1,1,0,1
защитить,1,5,4,1,1,0,1
занять,2,3,-1,-1,-1,0,1
сделать,1,15,14,1,1,1,1
организовывать,1,6,5,1,1,0,1
похвалить,1,2,1,1,1,0,1
включить,1,13,12,1,1,0,1
получить,2,27,25,1,1,0,1
убивать,2,2,0,0,1,0,1
подписать,1,4,3,1,1,0,1
включать,6,2,4,1,-1,1,1
ввести,1,2,1,1,1,1,1
избавить,1,2,1,1,1,1,1
выдолбить,1,3,2,1,1,0,1
получить,23,4,19,1,-1,0,1
находить,1,6,5,1,1,0,1
получить,3,2,-1,-1,1,0,1
устанавливать,4,5,1,1,1,0,1
наложить,15,3,12,1,-1,0,1
стать,3,20,17,1,1,0,1
проводить,8,12,4,1,1,0,1
получить,1,5,4,1,1,0,1
отличать,2,20,18,1,1,0,1
преклонять,1,3,2,1,1,0,1
занимать,3,2,-1,-1,1,0,1
построить,3,6,3,1,1,0,1
управлять,1,5,4,1,1,1,1
пользоваться,1,3,2,1,1,0,1
взять,1,2,1,1,1,1,1
снять,2,2,0,0,1,0,1
провести,1,3,2,1,1,0,1
удерживать,1,3,2,1,1,0,1
подождать,1,2,1,1,1,0,1
проводить,2,2,0,0,1,0,1
окончить,1,3,2,1,1,0,1
потерять,3,2,-1,-1,1,0,1
затрагивать,2,2,0,0,-1,1,1
стать,4,3,-1,-1,1,0,1
организовать,2,5,3,1,1,0,1
ввести,1,3,2,1,1,1,1
включать,9,2,7,1,-1,1,1
выдерживать,2,5,3,1,1,0,1
играть,5,3,-2,-1,1,0,1
порекомендовать,1,4,3,1,1,0,1
внести,2,2,0,0,-1,1,1
заработать,3,2,-1,-1,1,0,1
дать,2,8,6,1,1,0,1
оставить,21,2,19,1,-1,1,1
отдавать,2,14,12,1,1,0,1
обобщить,1,8,7,1,1,1,1
приписывать,1,3,2,1,1,0,1
составлять,2,5,3,1,1,0,1
сменить,2,3,1,1,1,0,1
облегчать,6,3,3,1,-1,0,1
взвалить,6,3,3,1,-1,0,1
согласовать,7,3,4,1,-1,0,1
дать,3,2,1,1,-1,0,1
ставить,2,4,2,1,1,0,1
осудить,1,3,2,1,1,0,1
отсчитывать,1,4,3,1,1,1,1
окончить,3,3,0,0,1,0,1
воссоздавать,3,2,-1,-1,1,0,1
использовать,2,2,0,0,1,0,1
провести,6,3,3,1,-1,0,1
отличать,2,4,2,1,1,0,1
разбить,6,5,-1,-1,1,0,1
держать,3,2,1,1,-1,0,1
учредить,2,2,0,0,1,0,1
проводить,1,5,4,1,1,0,1
спасти,4,3,1,1,-1,0,1
обвинить,2,6,4,1,1,0,1
устанавливать,2,3,1,1,1,0,1
признавать,4,3,1,1,-1,0,1
иметь,7,2,5,1,-1,1,1
насаждать,1,2,-1,-1,-1,0,1
примирить,1,3,2,1,1,0,1
проводить,2,6,4,1,1,0,1
поднять,2,4,2,1,1,0,1
пустить,10,2,8,1,-1,0,1
достать,3,3,0,0,-1,0,1
содержать,11,6,5,1,-1,0,1
описать,2,8,6,1,1,0,1
получить,1,10,9,1,1,0,1
предоставлять,1,4,3,1,1,0,1
издать,2,7,5,1,1,0,1
составить,9,8,-1,-1,1,0,1
отрубить,6,3,3,1,-1,0,1
составить,2,6,4,1,1,0,1
ассоциировать,1,4,3,1,1,1,1
провести,1,12,11,1,1,1,1
означать,4,4,0,0,1,0,1
осадить,1,4,3,1,1,1,1
занимать,2,4,2,1,1,0,1
занимать,6,2,-4,-1,1,0,1
завещать,2,10,8,1,1,-1,1
заниматься,1,4,3,1,1,0,1
осуществлять,10,3,7,1,-1,0,1
добавлять,2,2,0,0,1,0,1
взять,4,2,2,1,-1,1,1
принять,3,2,1,1,-1,1,1
закончить,6,3,-3,-1,1,0,1
пользоваться,1,10,9,1,1,0,1
сыграть,2,3,1,1,1,0,1
приобрести,4,8,4,1,1,0,1
брать,1,6,5,1,1,0,1
узнать,15,2,13,1,-1,1,1
совершать,1,2,-1,-1,-1,1,1
поддерживать,2,6,4,1,1,0,1
использовать,2,8,6,1,1,0,1
сосредоточить,2,3,1,1,1,0,1
одержать,1,4,3,1,1,0,1
пропустить,2,3,1,1,1,0,1
исполнять,1,7,6,1,1,0,1
подвигать,1,2,1,1,1,1,1
ставить,2,2,0,0,1,0,1
склонить,1,2,-1,-1,-1,0,1
вывести,2,3,-1,-1,-1,0,1
окончить,1,2,1,1,1,1,1
защитить,1,3,2,1,1,0,1
держать,5,2,3,1,-1,0,1
мять,2,2,0,0,-1,0,1
называть,2,3,1,1,1,0,1
призвать,1,2,1,1,1,0,1
поправить,1,2,-1,-1,-1,0,1
перевести,1,3,2,1,1,0,1
наводить,1,3,2,1,1,0,1
послать,4,3,-1,-1,1,0,1
пометить,2,3,-1,-1,-1,0,1
включить,2,4,2,1,1,0,1
брать,1,2,1,1,1,1,1
обещать,7,3,4,1,-1,0,1
придерживать,1,2,-1,-1,-1,1,1
затрачивать,2,20,18,1,1,0,1
обеспечивать,3,5,2,1,1,0,1
установить,1,11,10,1,1,0,1
хватать,1,2,-1,-1,-1,0,1
стянуть,1,3,-2,-1,-1,0,1
прижать,3,2,1,1,-1,0,1
достать,1,2,-1,-1,-1,0,1
достать,1,2,-1,-1,-1,0,1
ударить,1,2,1,1,1,1,1
втоптать,1,2,1,1,1,0,1
примять,1,2,1,1,1,0,1
толкать,1,3,-2,-1,-1,0,1
облепить,1,3,2,1,1,1,1
задержать,2,2,0,0,-1,0,1
застичь,3,2,-1,-1,1,1,1
срывать,1,2,-1,-1,-1,1,1
слышать,2,2,0,0,-1,0,1
врезать,2,10,8,1,1,0,1
вжать,1,2,1,1,1,0,1
вызывать,1,2,1,1,1,-1,1
брать,1,2,1,1,1,1,1
совать,2,2,0,0,-1,0,1
выхватить,1,2,-1,-1,-1,0,1
дать,4,2,2,1,-1,0,1
стянуть,7,2,5,1,-1,1,1
стащить,1,2,1,1,1,0,1
ощупывать,1,2,-1,-1,-1,1,1
надевать,1,3,-2,-1,-1,0,1
вести,3,2,1,1,-1,0,1
ударить,1,2,1,1,1,1,1
видеть,2,2,0,0,-1,0,1
слышать,1,4,3,1,1,1,1
вести,1,3,-2,-1,-1,0,1
отрыть,1,2,1,1,1,1,1
ударить,1,2,1,1,1,1,1
укладывать,2,4,-2,-1,-1,1,1
срывать,1,2,-1,-1,-1,1,1
помнить,1,2,1,1,1,1,1
отрыть,1,2,1,1,1,0,1
вести,1,2,1,1,1,1,1
класть,1,10,9,1,1,0,1
пришить,1,2,1,1,1,1,1
прижимать,1,2,1,1,1,0,1
оставлять,3,2,1,1,-1,1,1
дать,1,3,2,1,1,0,1
держать,1,2,1,1,1,1,1
кидать,1,2,1,1,1,0,1
прижать,4,2,2,1,-1,0,1
выставить,3,2,1,1,-1,1,1
скинуть,1,2,1,1,1,0,1
держать,1,2,1,1,1,0,1
размазывать,4,2,2,1,-1,0,1
заряжать,2,2,0,0,-1,0,1
совать,1,3,2,1,1,0,1
иметь,1,11,10,1,1,0,1
превращать,9,2,-7,-1,1,0,1
разложить,2,5,3,1,1,0,1
прогонять,1,3,2,1,1,0,1
показать,5,3,2,1,-1,0,1
находить,1,3,2,1,1,0,1
выявлять,2,5,3,1,1,0,1
прибивать,4,2,2,1,-1,0,1
высыпать,1,10,9,1,1,1,1
писать,1,2,1,1,1,-1,1
видеть,8,2,6,1,-1,0,1
провести,1,2,1,1,1,0,1
вдохнуть,2,2,0,0,1,0,1
копировать,3,4,1,1,1,0,1
перенять,3,2,1,1,-1,0,1
заимствовать,2,2,0,0,-1,0,1
использовать,4,7,3,1,1,0,1
заимствовать,2,2,0,0,-1,0,1
реализовать,1,12,11,1,1,1,1
копировать,3,4,1,1,1,0,1
обеспечивать,3,5,2,1,1,0,1
добавлять,2,4,2,1,1,0,1
обнаружить,2,6,-4,-1,-1,0,1
копировать,2,4,2,1,1,0,1
искать,1,10,9,1,1,0,1
подвести,2,4,2,1,1,0,1
открывать,7,4,3,1,-1,0,1
ставить,10,2,8,1,-1,0,1
толкать,1,2,1,1,1,0,1
породить,2,3,1,1,1,0,1
осваивать,1,5,4,1,1,0,1
ввести,5,2,3,1,-1,0,1
выдавать,7,2,5,1,-1,1,1
ждать,1,2,1,1,1,1,1
прислонить,1,2,1,1,1,0,1
пить,1,2,1,1,1,0,1
брать,1,2,-1,-1,-1,1,1
проверить,1,2,1,1,1,-1,1
выпускать,1,2,1,1,1,0,1
видеть,2,2,0,0,-1,0,1
видеть,2,5,3,1,1,0,1
доставать,1,2,-1,-1,-1,0,1
развесить,1,2,1,1,1,1,1
совать,1,2,1,1,1,0,1
ставить,1,2,-1,-1,-1,0,1
обрести,3,3,0,0,-1,0,1
консервировать,1,3,2,1,1,0,1
ставить,1,2,-1,-1,-1,0,1
помещать,1,8,7,1,1,0,1
укрепить,1,4,3,1,1,0,1
проглаживать,1,2,1,1,1,0,1
сажать,1,2,1,1,1,0,1
выявить,2,3,1,1,1,0,1
помещать,3,4,1,1,1,0,1
консервировать,1,3,2,1,1,1,1
нести,1,5,4,1,1,0,1
получить,1,4,3,1,1,0,1
искать,3,3,0,0,-1,0,1
поддерживать,1,6,5,1,1,0,1
потирать,1,3,2,1,1,0,1
впитывать,10,2,8,1,-1,1,1
сажать,1,2,1,1,1,0,1
ставить,2,2,0,0,1,0,1
привести,1,33,32,1,1,1,1
иметь,2,4,2,1,1,0,1
обнаружить,11,4,7,1,-1,0,1
совершить,2,2,0,0,-1,0,1
раскинуть,1,3,2,1,1,1,1
покрывать,1,3,2,1,1,0,1
разглядывать,1,12,11,1,1,1,1
выбрасывать,2,2,0,0,-1,0,1
преодолеть,4,2,2,1,-1,0,1
использовать,4,3,-1,-1,1,0,1
перемещать,2,3,1,1,1,0,1
починить,1,3,2,1,1,1,1
доставлять,2,3,1,1,1,0,1
подписывать,5,3,-2,-1,1,0,1
искать,4,6,2,1,1,0,1
вкладывать,2,2,0,0,-1,1,1
использовать,1,5,4,1,1,0,1
застраховать,2,7,5,1,1,0,1
получить,2,3,1,1,1,0,1
вложить,2,3,-1,-1,-1,0,1
ставить,8,2,6,1,-1,0,1
брать,1,2,1,1,1,1,1
приводить,3,5,2,1,1,0,1
собрать,4,2,2,1,-1,0,1
рекламировать,1,2,1,1,1,1,1
сдавать,3,2,1,1,-1,0,1
стереть,6,4,2,1,-1,0,1
брать,12,2,10,1,-1,-1,1
толкать,4,13,9,1,1,0,1
достать,5,2,3,1,-1,0,1
засунуть,2,3,-1,-1,-1,0,1
звать,1,2,1,1,1,1,1
ловить,1,5,4,1,1,1,1
настичь,1,19,18,1,1,0,1
использовать,2,4,-2,-1,-1,0,1
обнаружить,15,2,13,1,-1,0,1
оставить,2,2,0,0,-1,0,1
переводить,1,2,1,1,1,0,1
держать,1,2,1,1,1,0,1
платить,9,4,5,1,-1,1,1
платить,5,5,0,0,-1,0,1
принять,2,13,11,1,1,0,1
информировать,1,7,6,1,1,0,1
выдвинуть,7,2,5,1,-1,0,1
предоставлять,6,3,3,1,-1,0,1
хранить,1,3,2,1,1,0,1
платить,6,4,-2,-1,1,0,1
оставить,1,2,1,1,1,1,1
навести,1,4,3,1,1,0,1
использовать,2,6,4,1,1,0,1
вернуть,1,2,1,1,1,0,1
переводить,1,8,7,1,1,0,1
привлекать,1,4,3,1,1,0,1
получить,1,3,2,1,1,0,1
получить,8,3,5,1,-1,0,1
вспомянуть,10,2,8,1,-1,0,1
найти,2,2,0,0,-1,1,1
увлекать,3,3,0,0,-1,0,1
ронять,1,2,-1,-1,-1,0,1
привести,6,2,4,1,-1,0,1
примирить,9,10,1,1,1,-1,1
петь,1,3,2,1,1,1,1
покупать,2,3,1,1,1,0,1
создавать,2,4,2,1,1,0,1
иметь,2,3,1,1,1,0,1
ввести,1,2,1,1,1,0,1
осваивать,2,4,2,1,1,0,1
вызывать,2,3,1,1,1,0,1
совершать,1,2,1,1,1,0,1
вести,1,3,2,1,1,1,1
использовать,1,4,3,1,1,1,1
принять,3,2,1,1,-1,1,1
оставить,1,2,1,1,1,0,1
строить,3,3,0,0,-1,0,1
выносить,2,3,1,1,1,0,1
вести,3,12,9,1,1,-1,1
изменять,2,3,1,1,1,0,1
добавлять,4,2,-2,-1,1,0,1
дифференцировать,4,2,2,1,-1,0,1
использовать,2,20,18,1,1,0,1
иметь,4,2,2,1,-1,0,1
фиксировать,17,6,11,1,-1,0,1
начать,9,4,5,1,-1,0,1
привязать,2,4,2,1,1,0,1
иметь,1,16,15,1,1,0,1
акцентировать,1,3,2,1,1,0,1
воспринимать,3,4,1,1,1,0,1
произвести,5,4,1,1,-1,0,1
набирать,1,27,26,1,1,0,1
привозить,1,2,1,1,1,0,1
очистить,9,2,7,1,-1,0,1
выгребать,7,3,4,1,-1,0,1
распихивать,2,2,0,0,1,0,1
привлечь,2,2,0,0,1,0,1
зарабатывать,1,5,4,1,1,0,1
вылить,4,3,-1,-1,1,0,1
прикрыть,1,2,-1,-1,-1,1,1
ловить,1,7,6,1,1,0,1
собрать,1,3,2,1,1,1,1
сбивать,1,2,1,1,1,1,1
рекламировать,3,2,1,1,-1,0,1
делать,1,2,1,1,1,0,1
продвигать,3,2,1,1,-1,0,1
умножить,2,7,5,1,1,0,1
принимать,5,2,3,1,-1,0,1
слушать,1,3,2,1,1,0,1
привлечь,2,2,0,0,-1,0,1
искать,3,7,4,1,1,0,1
делать,1,8,7,1,1,0,1
повысить,1,5,4,1,1,0,1
прибавлять,2,3,-1,-1,-1,0,1
извлечь,3,4,-1,-1,-1,0,1
оказывать,3,2,1,1,-1,0,1
выпустить,2,2,0,0,-1,0,1
свести,4,2,2,1,-1,0,1
бросать,1,2,1,1,1,0,1
представить,1,3,2,1,1,1,1
сопоставить,2,12,10,1,1,0,1
перенести,2,2,0,0,1,0,1
воплощать,4,4,0,0,1,1,1
отождествлять,1,3,2,1,1,0,1
брать,1,4,3,1,1,0,1
исследовать,13,17,4,1,1,0,1
оставлять,1,2,1,1,1,0,1
использовать,2,9,7,1,1,0,1
использовать,1,3,2,1,1,1,1
наводить,1,3,2,1,1,0,1
выслать,8,2,-6,-1,1,0,1
взрыть,3,2,-1,-1,1,0,1
развесить,9,2,7,1,-1,0,1
определять,7,5,-2,-1,1,0,1
производить,3,4,1,1,1,0,1
начать,3,3,0,0,1,0,1
доводить,5,2,3,1,-1,0,1
обращать,1,4,3,1,1,0,1
иметь,2,9,7,1,1,0,1
сдавать,1,9,8,1,1,0,1
набирать,1,4,3,1,1,0,1
иметь,1,3,2,1,1,0,1
принимать,5,2,3,1,-1,0,1
брать,4,2,2,1,-1,0,1
пропагандировать,2,4,2,1,1,0,1
вводить,1,2,1,1,1,0,1
направлять,1,4,3,1,1,0,1
получать,3,13,10,1,1,0,1
носить,1,2,1,1,1,0,1
использовать,1,12,11,1,1,1,1
производить,4,2,-2,-1,1,0,1
указывать,11,2,9,1,-1,1,1
передать,1,7,6,1,1,1,1
блокировать,2,4,2,1,1,0,1
защитить,2,2,0,0,1,0,1
содержать,16,2,14,1,-1,1,1
обезопасить,4,16,12,1,1,1,1
отправить,2,2,0,0,-1,0,1
прогонять,1,3,2,1,1,1,1
предлагать,3,2,1,1,-1,0,1
иметь,4,2,2,1,-1,0,1
хранить,1,2,1,1,1,0,1
носить,1,2,1,1,1,0,1
оформлять,6,2,4,1,-1,0,1
хранить,1,3,2,1,1,0,1
иметь,4,2,2,1,-1,0,1
нести,6,11,5,1,1,0,1
вызвать,4,2,2,1,-1,0,1
держать,2,2,0,0,1,0,1
информировать,1,6,5,1,1,1,1
удерживать,2,5,3,1,1,0,1
оставить,3,3,0,0,1,0,1
держать,2,2,0,0,-1,0,1
поддерживать,2,2,0,0,-1,1,1
переключить,1,3,2,1,1,0,1
оплачивать,2,5,3,1,1,0,1
объездить,3,2,1,1,-1,0,1
возить,6,4,-2,-1,1,0,1
привлекать,5,17,12,1,1,0,1
загадать,1,4,3,1,1,0,1
побеждать,1,3,2,1,1,1,1
вести,2,5,3,1,1,0,1
искать,2,4,2,1,1,0,1
подвести,1,7,6,1,1,0,1
иметь,8,2,6,1,-1,0,1
сохранить,3,3,0,0,1,0,1
обратить,1,3,2,1,1,0,1
пригласить,1,5,4,1,1,0,1
сближать,1,4,3,1,1,1,1
затребовать,5,4,1,1,-1,0,1
открывать,1,2,1,1,1,0,1
переводить,1,3,2,1,1,0,1
откупать,1,2,1,1,1,0,1
запускать,2,2,0,0,-1,0,1
оставить,1,2,1,1,1,0,1
открывать,1,2,1,1,1,0,1
отгонять,1,2,1,1,1,0,1
перемешивать,1,4,3,1,1,0,1
погнать,1,2,1,1,1,1,1
приводить,2,2,0,0,-1,0,1
сложить,1,2,1,1,1,0,1
брать,1,2,1,1,1,0,1
вносить,1,2,-1,-1,-1,0,1
повести,2,2,0,0,1,0,1
читать,1,2,-1,-1,-1,1,1
ставить,1,2,1,1,1,1,1
обратить,2,2,0,0,1,0,1
делать,1,3,-2,-1,-1,0,1
развести,1,2,1,1,1,0,1
встретить,1,2,-1,-1,-1,0,1
брать,1,3,-2,-1,-1,0,1
понести,1,2,1,1,1,0,1
подминать,2,2,0,0,-1,1,1
брать,6,2,4,1,-1,1,1
использовать,2,4,2,1,1,0,1
получать,1,4,3,1,1,0,1
сохранить,1,2,1,1,1,1,1
строить,1,4,3,1,1,0,1
привести,1,2,1,1,1,0,1
снимать,2,2,0,0,-1,1,1
брать,1,2,1,1,1,0,1
спасти,2,3,1,1,1,0,1
вложить,2,2,0,0,-1,1,1
привести,1,3,2,1,1,1,1
превратить,2,2,0,0,1,0,1
вкладывать,1,5,4,1,1,0,1
сужать,6,10,4,1,1,0,1
брать,1,3,2,1,1,0,1
привлечь,17,3,14,1,-1,0,1
внести,2,8,6,1,1,0,1
сохранить,2,8,6,1,1,0,1
снизить,2,2,0,0,1,0,1
выбить,2,2,0,0,-1,0,1
сократить,1,5,4,1,1,0,1
оформить,2,5,3,1,1,0,1
смягчить,3,8,5,1,1,0,1
обратить,1,3,2,1,1,0,1
передать,20,4,16,1,-1,0,1
бронировать,2,2,0,0,-1,1,1
влечь,4,2,2,1,-1,1,1
прочувствовать,6,2,4,1,-1,1,1
призывать,1,2,1,1,1,0,1
получить,5,3,-2,-1,1,0,1
содержать,4,3,-1,-1,1,0,1
продавать,3,2,-1,-1,1,0,1
удалить,3,3,0,0,-1,0,1
платить,2,2,0,0,1,0,1
демонстрировать,2,7,5,1,1,0,1
убедить,1,6,5,1,1,-1,1
провести,1,2,-1,-1,-1,0,1
иметь,1,5,4,1,1,0,1
задавать,1,12,11,1,1,0,1
вести,1,3,2,1,1,0,1
рассматривать,2,10,8,1,1,0,1
завоевывать,1,3,2,1,1,0,1
совмещать,1,3,2,1,1,0,1
ставить,3,2,1,1,-1,0,1
включать,8,2,6,1,-1,1,1
подгонять,1,7,6,1,1,1,1
получить,5,5,0,0,1,0,1
включать,11,2,9,1,-1,1,1
включать,7,2,5,1,-1,1,1
связать,1,11,10,1,1,0,1
освобождать,2,16,14,1,1,0,1
строить,6,7,1,1,1,0,1
ввезти,1,3,2,1,1,0,1
давать,9,2,7,1,-1,0,1
тратить,2,3,1,1,1,0,1
приспособить,2,29,27,1,1,0,1
заложить,1,12,11,1,1,1,1
направить,2,2,0,0,1,0,1
держать,2,2,0,0,1,0,1
хранить,1,2,1,1,1,0,1
вкладывать,1,2,1,1,1,0,1
выбрать,12,2,10,1,-1,0,1
сохранить,1,2,1,1,1,0,1
пускать,1,2,1,1,1,0,1
разыскать,4,3,-1,-1,1,1,1
видеть,1,2,-1,-1,-1,0,1
пить,1,2,1,1,1,0,1
писать,4,2,-2,-1,1,0,1
втискивать,3,4,1,1,1,0,1
целовать,1,2,1,1,1,0,1
нести,1,2,1,1,1,0,1
брать,3,2,1,1,-1,1,1
пить,3,2,-1,-1,1,0,1
найти,6,3,3,1,-1,0,1
покупать,2,2,0,0,1,0,1
склонять,1,2,1,1,1,0,1
звать,1,2,-1,-1,-1,1,1
красть,2,5,3,1,1,0,1
оповестить,1,3,2,1,1,0,1
получать,10,2,8,1,-1,0,1
употребить,1,2,1,1,1,0,1
выжигать,2,5,3,1,1,0,1
брать,1,2,1,1,1,0,1
направить,2,2,0,0,1,0,1
брать,7,7,0,0,1,0,1
вызвать,1,2,-1,-1,-1,1,1
класть,1,3,2,1,1,0,1
фиксировать,3,3,0,0,1,0,1
использовать,2,3,-1,-1,-1,0,1
показывать,6,10,4,1,1,0,1
рассылать,1,3,2,1,1,0,1
сравнивать,2,2,0,0,1,0,1
начать,3,4,1,1,1,0,1
брать,8,2,6,1,-1,1,1
приобрести,1,7,6,1,1,0,1
передавать,1,3,2,1,1,0,1
оплачивать,7,2,5,1,-1,1,1
извлечь,1,3,2,1,1,0,1
ставить,1,4,3,1,1,1,1
привести,3,2,-1,-1,1,0,1
привести,2,2,0,0,1,0,1
продать,4,2,-2,-1,1,0,1
выдавать,1,2,1,1,1,1,1
сопоставить,2,3,1,1,1,0,1
находить,3,3,0,0,1,0,1
приводить,4,2,2,1,-1,0,1
запустить,1,3,2,1,1,0,1
решить,2,6,4,1,1,0,1
довести,1,2,1,1,1,0,1
заготавливать,2,3,-1,-1,-1,0,1
провести,3,4,1,1,1,0,1
отправить,8,2,6,1,-1,0,1
провести,1,18,17,1,1,0,1
иметь,10,2,8,1,-1,0,1
иметь,4,2,2,1,-1,1,1
проверить,3,4,1,1,1,0,1
найти,2,2,0,0,-1,0,1
сопоставить,2,11,9,1,1,0,1
заносить,3,4,1,1,1,0,1
сравнивать,2,3,1,1,1,0,1
разделять,3,4,1,1,1,0,1
вызвать,2,2,0,0,1,0,1
ощущать,4,2,2,1,-1,1,1
выстраивать,3,2,1,1,-1,0,1
рассмотреть,6,5,-1,-1,1,0,1
обсудить,1,3,2,1,1,1,1
использовать,2,2,0,0,1,0,1
засунуть,1,4,3,1,1,1,1
прокрутить,1,3,2,1,1,0,1
вымогать,1,4,-3,-1,-1,0,1
требовать,1,3,-2,-1,-1,0,1
вырастить,1,3,2,1,1,0,1
ввести,2,2,0,0,-1,0,1
ставить,8,2,6,1,-1,0,1
объездить,2,2,0,0,-1,0,1
зажарить,2,6,4,1,1,0,1
получить,3,5,2,1,1,0,1
транслировать,2,6,4,1,1,0,1
переводить,2,3,-1,-1,-1,0,1
распознавать,2,2,0,0,1,0,1
сложить,2,9,7,1,1,0,1
приближать,1,2,-1,-1,-1,1,1
испытать,1,3,2,1,1,1,1
создавать,4,2,2,1,-1,1,1
прочесть,2,3,1,1,1,0,1
видеть,4,2,2,1,-1,0,1
присылать,1,2,-1,-1,-1,0,1
брать,1,3,2,1,1,0,1
продержать,1,2,1,1,1,1,1
включать,16,2,14,1,-1,1,1
получать,6,21,15,1,1,0,1
снимать,2,2,0,0,-1,1,1
превратить,1,6,5,1,1,0,1
выделять,3,2,1,1,-1,0,1
иметь,8,5,-3,-1,1,0,1
заполнять,2,2,0,0,-1,0,1
включать,5,2,3,1,-1,1,1
продолжать,8,4,-4,-1,1,0,1
получить,1,7,6,1,1,0,1
оценить,4,4,0,0,1,0,1
перенести,1,2,1,1,1,0,1
создать,1,3,2,1,1,0,1
подключить,3,6,3,1,1,0,1
испускать,1,8,7,1,1,0,1
вытягивать,1,2,1,1,1,0,1
видеть,5,3,2,1,-1,0,1
получать,2,3,-1,-1,-1,0,1
брать,7,2,5,1,-1,0,1
выводить,1,3,2,1,1,0,1
вызывать,3,2,1,1,-1,0,1
бросать,3,2,1,1,-1,1,1
хоронить,1,5,4,1,1,0,1
показать,1,2,1,1,1,1,1
выводить,1,3,2,1,1,0,1
приводить,1,3,2,1,1,1,1
поймать,1,3,2,1,1,0,1
приближать,1,5,4,1,1,1,1
повергнуть,2,2,0,0,1,0,1
держать,2,4,2,1,1,0,1
пробовать,1,4,3,1,1,1,1
предложить,2,4,-2,-1,-1,0,1
определять,3,3,0,0,-1,0,1
принять,1,2,-1,-1,-1,1,1
взвалить,2,2,0,0,-1,1,1
обсуждать,2,2,0,0,-1,1,1
брать,4,2,2,1,-1,0,1
принимать,7,2,5,1,-1,0,1
брать,2,3,-1,-1,-1,0,1
привести,1,2,1,1,1,1,1
увеличить,4,5,1,1,1,0,1
класть,1,3,2,1,1,0,1
платить,2,2,0,0,-1,1,1
объединить,3,3,0,0,1,0,1
делать,2,2,0,0,1,0,1
прибавлять,1,3,2,1,1,0,1
привести,1,2,1,1,1,1,1
решить,1,4,3,1,1,1,1
сыграть,2,2,0,0,-1,0,1
настраивать,1,2,1,1,1,0,1
координировать,2,3,1,1,1,0,1
соблюдать,2,7,5,1,1,0,1
проводить,1,3,-2,-1,-1,0,1
провести,5,2,3,1,-1,0,1
пустить,1,4,3,1,1,1,1
свертывать,1,3,2,1,1,0,1
увеличить,2,3,1,1,1,0,1
выхватывать,3,2,1,1,-1,0,1
нести,13,2,11,1,-1,1,1
прорывать,2,2,0,0,-1,0,1
освободить,1,3,2,1,1,0,1
изучать,8,4,-4,-1,1,0,1
отбирать,1,5,4,1,1,0,1
иметь,7,3,4,1,-1,0,1
откладывать,1,3,2,1,1,0,1
выделять,13,2,11,1,-1,0,1
преобразовывать,1,3,2,1,1,1,1
поджидать,1,4,3,1,1,1,1
помещать,1,2,1,1,1,0,1
перерабатывать,4,2,-2,-1,1,0,1
обкусывать,14,2,12,1,-1,0,1
сравнивать,2,3,1,1,1,0,1
опережать,1,3,2,1,1,0,1
принести,2,2,0,0,1,-1,1
получить,2,2,0,0,1,0,1
снять,5,2,3,1,-1,0,1
слышать,6,2,4,1,-1,1,1
позволить,5,4,1,1,-1,0,1
иметь,2,2,0,0,-1,1,1
втянуть,1,2,1,1,1,1,1
пригласить,1,4,3,1,1,1,1
выбивать,1,12,11,1,1,0,1
направить,1,2,1,1,1,0,1
выбирать,2,2,0,0,-1,0,1
привести,2,4,2,1,1,0,1
вернуть,7,3,-4,-1,1,0,1
топить,2,4,-2,-1,-1,0,1
вкладывать,1,2,1,1,1,0,1
вести,4,4,0,0,1,0,1
остановить,1,2,1,1,1,0,1
повышать,2,3,1,1,1,0,1
сбить,2,3,1,1,1,0,1
ставить,1,2,1,1,1,0,1
подготовить,3,3,0,0,1,0,1
получить,2,3,-1,-1,-1,0,1
послать,5,2,3,1,-1,1,1
сливать,1,3,2,1,1,0,1
отключить,1,2,1,1,1,0,1
брать,1,2,-1,-1,-1,0,1
зачесть,1,8,7,1,1,1,1
прикрывать,2,3,1,1,1,0,1
выкачивать,2,2,0,0,-1,0,1
оценивать,1,3,2,1,1,0,1
занять,2,2,0,0,-1,0,1
видеть,1,7,6,1,1,1,1
причислять,1,4,3,1,1,1,1
сохранить,5,3,2,1,-1,0,1
вылить,2,4,-2,-1,-1,0,1
подтолкнуть,1,15,14,1,1,0,1
склонять,3,7,4,1,1,0,1
приводить,1,4,3,1,1,1,1
нарядить,2,5,3,1,1,0,1
надеть,1,2,-1,-1,-1,1,1
обвинить,1,3,2,1,1,1,1
сдать,1,2,1,1,1,0,1
получить,2,22,20,1,1,0,1
примерять,4,2,2,1,-1,1,1
принять,12,3,9,1,-1,0,1
делить,3,2,1,1,-1,1,1
снимать,2,3,-1,-1,-1,0,1
сбрасывать,1,5,4,1,1,0,1
направить,16,2,14,1,-1,0,1
выдавать,3,2,-1,-1,1,0,1
снизить,1,3,2,1,1,1,1
платить,1,6,5,1,1,0,1
уводить,1,2,1,1,1,0,1
продавить,3,2,1,1,-1,0,1
оставить,6,2,4,1,-1,0,1
ставить,18,3,15,1,-1,0,1
направлять,1,9,8,1,1,0,1
откладывать,1,7,6,1,1,0,1
обеспечить,4,27,23,1,1,0,1
нажать,3,11,8,1,1,0,1
отговорить,2,19,17,1,1,0,1
укрепить,3,7,4,1,1,0,1
опустить,2,6,4,1,1,0,1
отпускать,1,3,2,1,1,0,1
завоевать,3,3,0,0,-1,0,1
осуществлять,6,3,3,1,-1,0,1
провести,1,2,1,1,1,0,1
напоминать,2,2,0,0,-1,0,1
видеть,2,3,1,1,1,0,1
возбудить,1,2,-1,-1,-1,0,1
купить,3,3,0,0,-1,0,1
найти,2,3,-1,-1,-1,0,1
заманить,1,4,3,1,1,1,1
достать,2,2,0,0,-1,0,1
обернуть,1,3,2,1,1,0,1
откладывать,1,3,2,1,1,0,1
подобрать,2,3,1,1,1,0,1
ставить,2,2,0,0,1,0,1
отпевать,1,2,1,1,1,1,1
ревновать,1,2,1,1,1,0,1
чувствовать,1,10,9,1,1,1,1
мучить,1,2,1,1,1,1,1
сравнивать,2,2,0,0,1,0,1
разбить,1,2,1,1,1,0,1
поймать,1,22,21,1,1,1,1
учить,1,2,1,1,1,1,1
содрать,2,2,0,0,-1,1,1
лечить,2,7,5,1,1,0,1
влечь,2,2,0,0,-1,1,1
читать,1,2,-1,-1,-1,0,1
встретить,1,2,1,1,1,1,1
пускать,1,2,1,1,1,0,1
впитывать,1,2,-1,-1,-1,1,1
бросить,2,2,0,0,-1,0,1
класть,1,2,1,1,1,1,1
вести,1,3,2,1,1,1,1
выплюнуть,1,2,1,1,1,0,1
поднять,1,2,1,1,1,1,1
держать,9,2,7,1,-1,0,1
ловить,1,4,3,1,1,1,1
понять,1,3,2,1,1,1,1
пихнуть,1,2,1,1,1,1,1
вести,1,6,5,1,1,1,1
терять,1,3,2,1,1,0,1
получить,1,4,3,1,1,0,1
уводить,1,2,1,1,1,0,1
набрать,1,3,2,1,1,0,1
выпучить,1,2,-1,-1,-1,1,1
разинуть,1,2,1,1,1,0,1
дергать,2,2,0,0,1,0,1
вынести,2,2,0,0,1,0,1
ущипнуть,1,2,1,1,1,1,1
выпить,2,2,0,0,1,0,1
цапнуть,2,2,0,0,1,0,1
расстегнуть,1,3,2,1,1,0,1
получить,1,3,2,1,1,0,1
опрокинуть,2,2,0,0,-1,1,1
цапнуть,1,2,1,1,1,0,1
перенести,4,2,-2,-1,1,0,1
похлопывать,1,2,1,1,1,1,1
ставить,1,11,10,1,1,0,1
оставить,4,2,2,1,-1,0,1
увести,4,9,5,1,1,0,1
брать,2,5,-3,-1,-1,0,1
приобрести,1,7,6,1,1,0,1
вкладывать,15,2,13,1,-1,0,1
проявлять,4,21,17,1,1,-1,1
брать,2,3,1,1,1,0,1
всучить,2,3,-1,-1,-1,0,1
использовать,1,9,8,1,1,1,1
получать,3,9,6,1,1,0,1
превратить,2,10,8,1,1,0,1
вкладывать,1,4,-3,-1,-1,0,1
брать,6,2,4,1,-1,1,1
получить,6,2,-4,-1,1,0,1
известить,3,3,0,0,1,0,1
строить,2,8,6,1,1,0,1
связывать,5,2,3,1,-1,0,1
создать,2,10,8,1,1,0,1
привлечь,3,3,0,0,-1,0,1
возглавить,3,5,2,1,1,0,1
создать,5,2,-3,-1,1,0,1
предпринять,5,4,-1,-1,1,0,1
отвезти,1,3,2,1,1,0,1
требовать,1,3,2,1,1,0,1
набирать,1,3,2,1,1,0,1
принять,2,2,0,0,1,0,1
ставить,1,3,2,1,1,0,1
провести,3,7,4,1,1,0,1
увеличить,2,3,-1,-1,-1,0,1
воспринимать,6,3,-3,-1,1,0,1
изъять,1,3,2,1,1,0,1
сравнивать,16,4,-12,-1,1,0,1
выдержать,1,3,2,1,1,0,1
набирать,1,3,2,1,1,0,1
вывести,2,11,9,1,1,0,1
обеспечивать,6,11,5,1,1,0,1
возложить,6,3,3,1,-1,0,1
провести,5,5,0,0,-1,0,1
снимать,8,2,6,1,-1,1,1
готовить,2,4,2,1,1,0,1
брать,3,2,1,1,-1,1,1
отправить,1,2,1,1,1,1,1
встречать,2,2,0,0,-1,0,1
привлекать,2,9,7,1,1,0,1
привлекать,2,6,4,1,1,0,1
иметь,2,2,0,0,-1,0,1
регулировать,2,4,2,1,1,0,1
убедить,5,3,2,1,-1,0,1
сохранить,1,4,3,1,1,1,1
поддерживать,2,4,2,1,1,0,1
недополучить,2,2,0,0,1,0,1
скупать,1,2,-1,-1,-1,1,1
прописать,13,2,11,1,-1,0,1
брать,1,10,9,1,1,1,1
получать,4,6,2,1,1,0,1
создавать,4,2,2,1,-1,0,1
довести,1,3,2,1,1,1,1
увеличить,6,3,-3,-1,1,0,1
сыграть,2,3,1,1,1,0,1
породить,9,2,7,1,-1,0,1
превратить,1,12,11,1,1,0,1
обращать,2,2,0,0,1,0,1
выбить,5,3,2,1,-1,0,1
заливать,4,2,2,1,-1,0,1
переписывать,9,2,7,1,-1,0,1
создать,5,4,1,1,-1,0,1
брать,3,2,1,1,-1,1,1
применить,1,3,2,1,1,0,1
гарантировать,2,7,5,1,1,0,1
удерживать,1,7,6,1,1,0,1
делать,19,3,16,1,-1,-1,1
отменять,2,3,1,1,1,0,1
свергнуть,1,3,-2,-1,-1,0,1
образовать,2,2,0,0,-1,0,1
превратить,1,4,3,1,1,0,1
эвакуировать,2,2,0,0,1,0,1
усматривать,5,2,3,1,-1,1,1
наложить,2,2,0,0,-1,1,1
решить,7,5,-2,-1,1,0,1
обвинять,1,2,1,1,1,0,1
перестроить,2,4,2,1,1,0,1
послать,1,4,3,1,1,0,1
втянуть,2,2,0,0,-1,0,1
передать,1,3,2,1,1,0,1
занять,2,4,2,1,1,0,1
уничтожить,1,2,1,1,1,0,1
ждать,1,8,7,1,1,0,1
оценивать,1,5,4,1,1,0,1
удержать,1,7,6,1,1,0,1
составить,9,2,7,1,-1,0,1
ставить,8,2,6,1,-1,0,1
привести,6,2,4,1,-1,0,1
звать,1,2,1,1,1,0,1
вести,1,3,2,1,1,0,1
терять,3,2,1,1,-1,-1,1
обвинить,1,2,-1,-1,-1,1,1
бросать,1,5,4,1,1,0,1
решать,2,3,1,1,1,0,1
привлекать,2,3,-1,-1,-1,0,1
отвезти,1,2,1,1,1,1,1
помнить,1,12,11,1,1,0,1
проходить,5,16,11,1,1,0,1
начать,4,4,0,0,-1,0,1
вести,13,4,9,1,-1,0,1
использовать,4,3,-1,-1,1,0,1
ставить,1,11,10,1,1,1,1
выставлять,2,4,2,1,1,0,1
спросить,1,3,2,1,1,1,1
получить,16,8,8,1,-1,0,1
повышать,13,23,10,1,1,0,1
разгромить,1,4,3,1,1,0,1
превращать,1,4,3,1,1,1,1
получать,2,6,4,1,1,1,1
ставить,2,4,2,1,1,0,1
отдать,3,2,-1,-1,1,0,1
заключить,24,4,20,1,-1,0,1
сровнять,3,2,1,1,-1,1,1
решить,1,3,2,1,1,0,1
замочить,2,2,0,0,-1,0,1
перемещать,1,2,1,1,1,1,1
сажать,3,2,1,1,-1,0,1
стряхнуть,14,3,11,1,-1,0,1
проводить,1,4,3,1,1,0,1
видеть,1,6,5,1,1,0,1
проводить,2,3,1,1,1,0,1
оживить,7,2,5,1,-1,1,1
свалить,8,14,6,1,1,0,1
связать,2,2,0,0,1,0,1
изменить,4,2,-2,-1,1,0,1
изменить,2,2,0,0,-1,0,1
перехватить,1,34,33,1,1,0,1
вывести,1,2,1,1,1,0,1
удалить,15,2,13,1,-1,0,1
создать,3,2,-1,-1,1,0,1
создать,2,3,1,1,1,0,1
внести,2,3,1,1,1,0,1
изучать,2,2,0,0,-1,0,1
направить,2,10,8,1,1,0,1
брать,1,2,-1,-1,-1,1,1
призвать,1,3,-2,-1,-1,0,1
кончать,1,2,1,1,1,0,1
избирать,4,3,1,1,-1,0,1
убирать,1,2,1,1,1,0,1
брать,1,3,2,1,1,0,1
превращать,1,9,8,1,1,0,1
нести,2,2,0,0,-1,1,1
взваливать,1,2,-1,-1,-1,1,1
утверждать,1,3,2,1,1,1,1
сводить,1,2,1,1,1,0,1
создавать,2,6,4,1,1,0,1
превращать,2,2,0,0,-1,0,1
превратить,4,3,1,1,-1,0,1
вызвать,3,2,-1,-1,1,0,1
поддерживать,10,11,1,1,1,-1,1
получать,1,2,1,1,1,0,1
смести,2,2,0,0,1,0,1
ставить,3,2,1,1,-1,0,1
признать,2,7,5,1,1,0,1
устанавливать,2,2,0,0,1,0,1
получить,3,3,0,0,1,0,1
повлечь,1,4,3,1,1,1,1
остановить,1,3,2,1,1,0,1
сыграть,2,3,1,1,1,0,1
обнаружить,7,2,5,1,-1,1,1
сплотить,11,2,9,1,-1,1,1
поддержать,1,3,2,1,1,1,1
втиснуть,1,9,8,1,1,0,1
таить,2,2,0,0,-1,1,1
породить,7,3,-4,-1,1,0,1
загнать,2,3,-1,-1,-1,0,1
вытолкнуть,2,2,0,0,-1,0,1
довести,1,2,1,1,1,0,1
отобрать,4,2,2,1,-1,0,1
довести,21,2,19,1,-1,0,1
записать,2,2,0,0,-1,0,1
принимать,1,3,2,1,1,1,1
расспрашивать,3,5,2,1,1,0,1
перечислить,1,7,6,1,1,1,1
привлечь,2,2,0,0,-1,0,1
познать,2,2,0,0,1,0,1
окончить,1,3,2,1,1,0,1
разложить,2,5,3,1,1,0,1
изучать,2,3,1,1,1,0,1
делать,1,3,2,1,1,1,1
выстроить,3,3,0,0,1,0,1
выиграть,33,3,30,1,-1,0,1
иметь,2,2,0,0,1,0,1
стимулировать,1,3,2,1,1,1,1
создавать,9,2,7,1,-1,1,1
благодарить,4,3,-1,-1,1,0,1
применить,2,3,1,1,1,0,1
доводить,5,5,0,0,-1,0,1
вызывать,2,2,0,0,1,0,1
открывать,2,15,13,1,1,0,1
приблизить,1,2,1,1,1,0,1
посвящать,1,6,5,1,1,0,1
привнести,1,3,2,1,1,0,1
предусматривать,13,3,-10,-1,1,0,1
делать,1,2,-1,-1,-1,0,1
сохранить,3,3,0,0,1,0,1
преобразовывать,7,2,-5,-1,1,0,1
отбрасывать,1,2,1,1,1,0,1
превратить,6,3,3,1,-1,0,1
прикрепить,2,2,0,0,-1,0,1
показывать,1,3,2,1,1,1,1
отталкивать,1,3,2,1,1,0,1
выстраивать,4,2,2,1,-1,0,1
запросить,4,3,1,1,-1,0,1
применить,2,2,0,0,1,0,1
ставить,1,4,3,1,1,0,1
дочесть,1,2,1,1,1,1,1
видеть,7,2,5,1,-1,1,1
ставить,2,3,-1,-1,-1,0,1
раздирать,1,8,7,1,1,0,1
атаковать,1,3,2,1,1,1,1
извлекать,2,2,0,0,-1,0,1
ставить,1,3,2,1,1,1,1
строить,9,3,6,1,-1,-1,1
воплощать,1,9,8,1,1,0,1
оградить,1,11,10,1,1,1,1
снять,3,2,1,1,-1,1,1
переложить,1,8,7,1,1,1,1
соорудить,2,2,0,0,-1,1,1
оградить,4,12,8,1,1,0,1
делать,10,2,8,1,-1,-1,1
волновать,1,6,5,1,1,0,1
повысить,1,7,6,1,1,0,1
превзойти,1,4,3,1,1,0,1
сохранить,4,3,-1,-1,1,0,1
сопоставлять,2,2,0,0,1,0,1
осваивать,2,3,1,1,1,0,1
проходить,2,6,4,1,1,0,1
пропустить,1,3,2,1,1,0,1
совмещать,1,21,20,1,1,1,1
превращать,3,3,0,0,1,0,1
запросить,1,2,-1,-1,-1,0,1
спросить,1,8,7,1,1,-1,1
преломлять,1,10,9,1,1,-1,1
подозревать,1,5,4,1,1,1,1
обрекать,1,4,3,1,1,0,1
найти,1,6,5,1,1,0,1
ждать,1,3,2,1,1,1,1
приводить,1,15,14,1,1,1,1
накопить,8,3,5,1,-1,-1,1
сравнивать,1,5,4,1,1,1,1
найти,8,2,6,1,-1,1,1
сровнять,2,2,0,0,1,0,1
получить,6,4,-2,-1,1,0,1
сохранить,9,2,7,1,-1,0,1
совершить,3,8,5,1,1,0,1
получить,2,6,4,1,1,0,1
демонстрировать,3,2,-1,-1,1,0,1
делать,1,2,-1,-1,-1,0,1
транслировать,1,10,9,1,1,0,1
печатать,4,3,1,1,-1,0,1
принять,3,2,1,1,-1,1,1
превратить,2,3,1,1,1,0,1
принять,1,12,11,1,1,0,1
испытывать,2,3,1,1,1,0,1
брать,3,2,1,1,-1,1,1
принять,1,2,1,1,1,0,1
совместить,3,7,4,1,1,0,1
передать,1,4,3,1,1,0,1
спускать,2,2,0,0,1,0,1
вырывать,2,3,1,1,1,0,1
оттачивать,3,2,1,1,-1,1,1
приблизить,1,2,1,1,1,0,1
развить,1,5,4,1,1,1,1
выполнять,2,7,5,1,1,0,1
выращивать,2,2,0,0,1,0,1
имплантировать,2,2,0,0,-1,0,1
двигать,1,3,2,1,1,0,1
улучшить,2,3,1,1,1,0,1
утверждать,3,3,0,0,-1,0,1
вкладывать,1,3,2,1,1,0,1
начинать,2,2,0,0,1,0,1
пить,1,2,-1,-1,-1,1,1
получать,2,5,3,1,1,0,1
продвигать,2,2,0,0,1,0,1
привлечь,8,2,6,1,-1,0,1
продвигать,2,2,0,0,1,0,1
заинтересовать,2,6,4,1,1,0,1
использовать,2,3,1,1,1,0,1
благодарить,3,5,2,1,1,0,1
фиксировать,2,3,1,1,1,0,1
объединить,1,3,2,1,1,0,1
передавать,3,3,0,0,-1,0,1
поражать,6,3,-3,-1,1,0,1
спросить,1,3,2,1,1,0,1
откусывать,3,2,1,1,-1,0,1
брать,3,2,1,1,-1,1,1
рождать,7,8,-1,-1,-1,0,1
превзойти,2,3,1,1,1,0,1
набирать,1,5,4,1,1,0,1
удвоить,3,3,0,0,-1,0,1
использовать,3,19,16,1,1,0,1
использовать,3,4,1,1,1,0,1
возобновить,4,5,1,1,1,0,1
пересекать,1,4,3,1,1,0,1
видеть,1,5,4,1,1,0,1
убавить,1,5,4,1,1,0,1
выразить,2,2,0,0,1,0,1
оставлять,16,2,14,1,-1,0,1
предпринять,1,12,11,1,1,0,1
иметь,1,13,12,1,1,0,1
делить,2,5,3,1,1,0,1
искать,1,22,21,1,1,0,1
приковывать,1,2,-1,-1,-1,1,1
довести,3,2,1,1,-1,0,1
сохранить,2,4,2,1,1,0,1
уберегать,1,10,9,1,1,0,1
уговаривать,8,3,5,1,-1,0,1
сровнять,1,2,1,1,1,1,1
слать,2,2,0,0,-1,0,1
исчерпать,2,2,0,0,-1,0,1
подрастерять,3,4,-1,-1,-1,0,1
получить,6,4,-2,-1,1,0,1
получать,7,3,4,1,-1,0,1
получить,4,2,-2,-1,1,0,1
использовать,2,2,0,0,-1,0,1
рассмотреть,4,3,-1,-1,1,0,1
ставить,2,3,1,1,1,0,1
получить,3,3,0,0,1,0,1
получить,2,2,0,0,1,0,1
фокусировать,1,2,1,1,1,0,1
фокусировать,2,3,1,1,1,0,1
определить,3,4,1,1,1,0,1
заложить,3,3,0,0,1,0,1
исследовать,5,4,-1,-1,1,0,1
измерять,4,4,0,0,1,0,1
счесть,3,5,2,1,1,0,1
установить,2,3,1,1,1,0,1
расчесть,5,3,2,1,-1,0,1
установить,2,4,2,1,1,0,1
таить,2,2,0,0,-1,1,1
проводить,1,5,4,1,1,0,1
занять,2,11,9,1,1,0,1
осуществить,4,2,-2,-1,1,0,1
использовать,4,3,-1,-1,1,0,1
делать,1,2,1,1,1,0,1
вносить,1,3,2,1,1,0,1
фокусировать,1,3,2,1,1,0,1
измерить,3,4,1,1,1,0,1
определить,3,4,1,1,1,0,1
ввести,3,3,0,0,1,0,1
одержать,1,2,1,1,1,0,1
имитировать,1,7,6,1,1,0,1
получить,2,11,9,1,1,0,1
демонстрировать,5,3,2,1,-1,0,1
запрещать,4,4,0,0,1,0,1
превращать,1,2,1,1,1,0,1
толкнуть,1,2,1,1,1,0,1
зародить,10,3,7,1,-1,0,1
приобрести,6,3,3,1,-1,0,1
искать,4,3,-1,-1,1,0,1
обмануть,1,4,3,1,1,1,1
продавать,2,14,12,1,1,0,1
иметь,2,3,1,1,1,0,1
разбазарить,2,3,1,1,1,0,1
взвалить,3,2,1,1,-1,1,1
оставить,1,2,1,1,1,0,1
перепродать,3,5,-2,-1,-1,0,1
оседлать,5,6,1,1,1,0,1
концентрировать,9,2,7,1,-1,1,1
брать,7,2,5,1,-1,0,1
создавать,10,3,7,1,-1,0,1
финансировать,2,2,0,0,-1,0,1
превратить,1,3,2,1,1,0,1
отстоять,1,2,-1,-1,-1,0,1
искать,1,3,-2,-1,-1,0,1
поощрять,2,7,-5,-1,-1,0,1
рекомендовать,3,2,1,1,-1,0,1
оградить,1,4,3,1,1,0,1
расставить,1,2,1,1,1,1,1
значить,3,6,3,1,1,0,1
поставлять,1,2,-1,-1,-1,0,1
выпускать,2,3,1,1,1,0,1
производить,20,2,18,1,-1,0,1
наладить,5,3,-2,-1,1,0,1
разрабатывать,2,10,8,1,1,0,1
получить,4,2,2,1,-1,0,1
связывать,1,2,1,1,1,0,1
связывать,1,3,2,1,1,1,1
достраивать,4,6,2,1,1,0,1
наладить,5,8,3,1,1,0,1
вкладывать,1,3,2,1,1,0,1
делать,2,4,2,1,1,0,1
собирать,8,3,-5,-1,1,0,1
наладить,2,3,1,1,1,0,1
тянуть,1,3,2,1,1,0,1
добывать,1,2,1,1,1,0,1
строить,7,3,4,1,-1,0,1
тянуть,1,6,5,1,1,0,1
ломать,1,9,8,1,1,-1,1
изменить,8,2,6,1,-1,-1,1
искать,1,6,5,1,1,0,1
прокручивать,4,2,2,1,-1,0,1
иметь,1,3,2,1,1,-1,1
воспринимать,1,3,2,1,1,0,1
ставить,3,2,-1,-1,1,0,1
завернуть,3,2,-1,-1,1,0,1
найти,2,3,1,1,1,0,1
пить,1,2,1,1,1,1,1
заменить,1,2,1,1,1,0,1
обогнать,4,3,1,1,-1,0,1
обойти,8,3,5,1,-1,0,1
скупать,1,2,1,1,1,0,1
ронять,9,5,-4,-1,1,1,1
изобретать,1,2,1,1,1,0,1
обойти,1,3,2,1,1,0,1
приодеть,2,6,4,1,1,0,1
переименовать,1,3,2,1,1,1,1
привезти,5,2,3,1,-1,0,1
брать,1,4,3,1,1,0,1
перебежать,1,4,3,1,1,0,1
похитить,1,2,-1,-1,-1,0,1
прочерчивать,7,2,5,1,-1,1,1
свести,9,2,7,1,-1,0,1
узнать,3,13,10,1,1,0,1
накрыть,12,2,10,1,-1,0,1
превращать,2,2,0,0,1,0,1
запечатлеть,9,2,7,1,-1,0,1
отыскать,4,2,2,1,-1,1,1
рассмотреть,4,5,-1,-1,-1,0,1
составить,4,2,2,1,-1,1,1
приводить,1,3,2,1,1,1,1
отыскать,14,2,12,1,-1,0,1
запечатлеть,7,2,5,1,-1,0,1
повредить,1,7,6,1,1,0,1
наблюдать,7,4,-3,-1,1,0,1
наблюдать,1,2,1,1,1,0,1
оставлять,1,2,1,1,1,0,1
ощутить,4,3,-1,-1,1,0,1
обеспечивать,3,4,1,1,1,0,1
обеспечивать,1,4,3,1,1,0,1
снижать,1,4,3,1,1,0,1
монтировать,1,3,-2,-1,-1,0,1
делать,3,9,6,1,1,1,1
начать,1,4,3,1,1,0,1
устанавливать,1,3,2,1,1,0,1
переводить,1,3,2,1,1,0,1
поднять,3,4,1,1,1,0,1
сыпать,1,2,-1,-1,-1,0,1
ввозить,1,2,1,1,1,1,1
пропагандировать,2,2,0,0,1,0,1
произвести,5,2,3,1,-1,0,1
превысить,1,3,2,1,1,0,1
сдать,2,2,0,0,1,0,1
бойкотировать,3,7,4,1,1,0,1
называть,1,7,6,1,1,0,1
ввести,1,22,21,1,1,1,1
причислять,4,2,2,1,-1,0,1
принимать,3,4,1,1,1,0,1
совершать,3,3,0,0,1,0,1
сообразовывать,1,3,2,1,1,1,1
совершить,4,4,0,0,1,0,1
облегчить,4,3,-1,-1,1,0,1
делать,1,3,2,1,1,0,1
разрыть,1,2,-1,-1,-1,1,1
открыть,1,2,1,1,1,0,1
везти,1,2,1,1,1,1,1
заподозрить,1,3,2,1,1,1,1
получать,1,2,-1,-1,-1,0,1
держать,1,2,1,1,1,0,1
изменить,7,13,6,1,1,0,1
снизить,1,4,3,1,1,0,1
прогнозировать,2,3,1,1,1,0,1
пустить,2,2,0,0,-1,0,1
формировать,1,9,8,1,1,0,1
складывать,1,2,1,1,1,0,1
сметать,1,3,2,1,1,1,1
узнавать,5,3,-2,-1,1,0,1
адаптировать,1,5,4,1,1,0,1
починить,1,7,6,1,1,1,1
воплотить,7,2,5,1,-1,0,1
тянуть,4,2,-2,-1,1,-1,1
обвинять,1,9,8,1,1,0,1
направлять,1,3,2,1,1,0,1
набирать,1,4,3,1,1,0,1
разгонять,1,2,1,1,1,0,1
перекладывать,2,3,1,1,1,0,1
ставить,1,3,2,1,1,0,1
выключать,3,7,4,1,1,0,1
пускать,5,2,3,1,-1,-1,1
вешать,1,2,-1,-1,-1,0,1
получить,1,2,-1,-1,-1,0,1
привозить,1,2,1,1,1,0,1
использовать,4,3,1,1,-1,0,1
отличать,1,2,1,1,1,0,1
защитить,1,4,3,1,1,0,1
завершить,1,4,3,1,1,0,1
поражать,3,3,0,0,1,0,1
продвигать,1,5,4,1,1,0,1
поражать,2,6,4,1,1,0,1
делать,10,7,-3,-1,1,0,1
делать,3,3,0,0,1,0,1
пригласить,4,3,1,1,-1,0,1
сравнивать,2,2,0,0,1,0,1
ругать,2,23,21,1,1,0,1
достать,1,2,1,1,1,1,1
подавать,1,7,6,1,1,1,1
разогревать,1,4,3,1,1,0,1
превышать,3,4,1,1,1,0,1
вырезать,5,2,3,1,-1,1,1
напоминать,2,2,0,0,-1,0,1
делать,11,3,8,1,-1,0,1
приставить,1,7,6,1,1,0,1
связать,16,3,13,1,-1,0,1
оставить,14,2,12,1,-1,0,1
отождествлять,1,2,1,1,1,1,1
превращать,1,9,8,1,1,0,1
защищать,1,2,1,1,1,0,1
предохранять,2,3,1,1,1,0,1
использовать,13,3,10,1,-1,0,1
держать,1,2,-1,-1,-1,0,1
проталкивать,1,2,1,1,1,0,1
делать,1,6,5,1,1,1,1
расположить,1,3,2,1,1,0,1
обеспечить,1,2,1,1,1,0,1
подтащить,1,2,1,1,1,0,1
достать,1,2,1,1,1,1,1
добавить,4,2,2,1,-1,1,1
нести,2,2,0,0,1,0,1
охладить,2,3,1,1,1,0,1
нести,1,2,1,1,1,0,1
изгибать,1,8,7,1,1,0,1
класть,1,3,2,1,1,1,1
видеть,2,3,1,1,1,0,1
изготовлять,12,2,10,1,-1,0,1
вкладывать,1,2,1,1,1,0,1
провожать,4,2,2,1,-1,0,1
выпускать,1,3,2,1,1,0,1
смотреть,1,3,2,1,1,0,1
загрузить,3,2,1,1,-1,0,1
вогнать,1,2,1,1,1,-1,1
отрабатывать,2,6,4,1,1,0,1
держать,5,2,3,1,-1,1,1
использовать,3,3,0,0,-1,0,1
стравить,1,2,-1,-1,-1,0,1
подбрасывать,1,3,2,1,1,0,1
приводить,1,2,1,1,1,0,1
пускать,2,2,0,0,-1,0,1
запускать,1,3,2,1,1,1,1
соединить,3,4,1,1,1,0,1
выкрасть,1,2,1,1,1,0,1
прикрепить,10,4,6,1,-1,0,1
иметь,1,8,7,1,1,0,1
содержать,2,2,0,0,-1,1,1
повышать,3,4,1,1,1,0,1
слать,1,3,2,1,1,0,1
вытеснять,4,2,2,1,-1,0,1
переселить,4,5,-1,-1,-1,0,1
отрывать,3,13,10,1,1,0,1
иметь,1,6,5,1,1,0,1
выжимать,2,3,-1,-1,-1,0,1
высасывать,1,8,7,1,1,0,1
составлять,3,3,0,0,1,0,1
ослаблять,2,4,2,1,1,0,1
выбрасывать,3,10,-7,-1,-1,0,1
расширять,2,3,1,1,1,0,1
вовлекать,9,3,6,1,-1,0,1
превратить,1,6,5,1,1,1,1
требовать,6,4,2,1,-1,0,1
изымать,2,3,1,1,1,0,1
избавлять,3,4,1,1,1,0,1
благодарить,1,4,3,1,1,-1,1
возлагать,1,21,20,1,1,0,1
расширить,6,9,3,1,1,0,1
давать,3,3,0,0,1,0,1
прислать,5,2,3,1,-1,0,1
провести,4,2,-2,-1,1,0,1
влечь,7,2,5,1,-1,1,1
извлечь,2,3,1,1,1,0,1
праздновать,2,3,-1,-1,-1,0,1
поздравить,1,2,1,1,1,0,1
подготовить,10,2,8,1,-1,0,1
ставить,2,3,1,1,1,0,1
назначить,4,6,2,1,1,0,1
запереть,1,3,2,1,1,0,1
исследовать,2,3,1,1,1,0,1
подключать,9,2,7,1,-1,1,1
взрыть,2,2,0,0,-1,0,1
взрывать,1,15,14,1,1,0,1
обменять,1,3,2,1,1,1,1
обвинять,1,10,9,1,1,-1,1
иметь,1,4,3,1,1,0,1
вызывать,3,2,-1,-1,1,0,1
получить,9,5,4,1,-1,0,1
проследить,13,4,9,1,-1,0,1
вносить,4,2,2,1,-1,0,1
преодолеть,2,3,1,1,1,0,1
чесать,1,3,2,1,1,1,1
пройти,1,8,7,1,1,1,1
ожидать,2,2,0,0,-1,1,1
наложить,1,12,11,1,1,0,1
возродить,1,2,-1,-1,-1,0,1
получить,3,10,7,1,1,0,1
увеличить,2,6,4,1,1,0,1
уводить,2,2,0,0,1,0,1
вернуть,6,4,2,1,-1,0,1
создать,14,3,11,1,-1,0,1
изменить,3,4,1,1,1,0,1
включать,9,2,7,1,-1,1,1
получать,1,2,1,1,1,0,1
добавить,9,3,6,1,-1,0,1
превышать,5,5,0,0,1,0,1
перегнать,7,4,3,1,-1,0,1
сравнивать,14,10,-4,-1,1,0,1
принимать,4,2,2,1,-1,0,1
выплевывать,1,6,5,1,1,0,1
запустить,1,2,1,1,1,0,1
таить,2,2,0,0,-1,1,1
прыснуть,1,2,1,1,1,0,1
благодарить,1,3,2,1,1,0,1
перекинуть,2,3,1,1,1,0,1
привести,1,3,2,1,1,0,1
запустить,2,2,0,0,-1,0,1
отобрать,5,3,2,1,-1,0,1
бросить,5,15,10,1,1,0,1
выдувать,1,2,-1,-1,-1,1,1
вытряхивать,1,2,1,1,1,0,1
увеличивать,1,4,3,1,1,0,1
соизмерять,1,3,2,1,1,1,1
карать,2,28,26,1,1,0,1
создать,2,2,0,0,-1,0,1
исчерпать,1,4,3,1,1,1,1
раздавать,3,2,1,1,-1,0,1
заменять,4,7,3,1,1,0,1
установить,2,4,2,1,1,0,1
переманить,1,3,2,1,1,0,1
получать,2,4,2,1,1,0,1
прижимать,1,2,1,1,1,0,1
получить,1,4,3,1,1,0,1
разбрасывать,1,2,1,1,1,0,1
ставить,2,2,0,0,1,-1,1
сдавать,1,8,7,1,1,0,1
убирать,1,9,8,1,1,0,1
открыть,1,2,-1,-1,-1,0,1
установить,1,3,2,1,1,0,1
брать,1,3,-2,-1,-1,0,1
защищать,1,2,1,1,1,0,1
спасти,2,5,3,1,1,0,1
прицепить,4,2,2,1,-1,0,1
восстанавливать,1,3,2,1,1,1,1
свести,1,2,1,1,1,0,1
видеть,2,5,3,1,1,0,1
подать,3,11,8,1,1,0,1
прицепить,1,3,2,1,1,1,1
курировать,1,9,8,1,1,0,1
начать,2,3,-1,-1,-1,0,1
вытаскивать,5,2,3,1,-1,0,1
подстраивать,1,2,1,1,1,-1,1
оградить,1,4,3,1,1,1,1
давать,1,3,2,1,1,0,1
брать,1,2,-1,-1,-1,1,1
выдать,15,2,13,1,-1,0,1
показать,5,2,3,1,-1,0,1
предлагать,18,3,15,1,-1,0,1
делать,1,2,1,1,1,0,1
лепить,1,16,15,1,1,1,1
делать,1,3,2,1,1,0,1
совмещать,2,3,1,1,1,0,1
прорезать,10,2,8,1,-1,0,1
укрепить,1,3,2,1,1,0,1
окунуть,1,4,3,1,1,0,1
описать,6,3,-3,-1,1,0,1
привлекать,3,2,1,1,-1,1,1
заподозрить,1,4,3,1,1,1,1
анализировать,1,5,4,1,1,1,1
вернуть,5,4,-1,-1,1,0,1
утюжить,5,2,3,1,-1,-1,1
фокусировать,1,5,4,1,1,0,1
закрыть,2,2,0,0,1,0,1
формулировать,2,4,2,1,1,0,1
ставить,3,2,1,1,-1,0,1
ошарашить,1,27,26,1,1,0,1
устроить,1,4,-3,-1,-1,0,1
строить,2,2,0,0,-1,0,1
отправить,1,2,1,1,1,0,1
получать,1,5,4,1,1,0,1
остановить,2,14,12,1,1,0,1
подключить,1,11,10,1,1,0,1
класть,5,2,3,1,-1,0,1
отправлять,1,5,4,1,1,0,1
натянуть,1,3,2,1,1,0,1
менять,1,3,2,1,1,0,1
отправить,1,3,2,1,1,0,1
защищать,1,8,7,1,1,0,1
переписать,4,4,0,0,1,0,1
поддержать,2,3,-1,-1,-1,0,1
держать,1,2,-1,-1,-1,0,1
поднимать,3,4,1,1,1,0,1
определить,1,3,2,1,1,0,1
раздавать,3,3,0,0,-1,0,1
держать,1,2,1,1,1,1,1
сохранить,3,3,0,0,-1,0,1
ставить,7,2,5,1,-1,-1,1
привести,1,2,-1,-1,-1,0,1
испытать,1,3,2,1,1,1,1
прикрепить,1,5,4,1,1,0,1
закреплять,1,7,6,1,1,1,1
оставить,3,2,1,1,-1,1,1
промчать,1,18,17,1,1,1,1
снизить,1,4,3,1,1,0,1
предупреждать,1,10,9,1,1,-1,1
приводить,2,2,0,0,-1,0,1
выбирать,3,6,3,1,1,0,1
заводить,1,2,1,1,1,0,1
ставить,2,9,7,1,1,0,1
перемещать,2,3,1,1,1,0,1
сохранять,2,3,1,1,1,0,1
заводить,1,3,2,1,1,0,1
топить,1,2,1,1,1,0,1
впрыскивать,3,2,1,1,-1,0,1
подстраивать,2,5,3,1,1,0,1
сбить,1,2,-1,-1,-1,0,1
возить,1,2,-1,-1,-1,0,1
отключать,1,3,2,1,1,0,1
устанавливать,1,2,1,1,1,0,1
отводить,1,2,1,1,1,0,1
доливать,1,3,2,1,1,1,1
выключать,1,3,2,1,1,0,1
убедить,1,12,11,1,1,1,1
обеспечивать,2,8,6,1,1,0,1
удалять,1,2,-1,-1,-1,1,1
выкладывать,4,2,-2,-1,1,0,1
привести,1,2,1,1,1,1,1
основать,26,4,22,1,-1,0,1
использовать,2,5,3,1,1,0,1
выкинуть,2,3,-1,-1,-1,0,1
заказать,10,3,7,1,-1,0,1
поселить,1,2,-1,-1,-1,1,1
ставить,7,4,3,1,-1,0,1
делать,8,3,5,1,-1,-1,1
отливать,3,2,1,1,-1,0,1
красить,6,5,-1,-1,1,0,1
занимать,1,3,2,1,1,0,1
получить,1,2,1,1,1,0,1
забирать,2,2,0,0,-1,0,1
рассказать,1,2,-1,-1,-1,0,1
выпустить,1,2,1,1,1,0,1
испытать,1,3,2,1,1,1,1
пускать,1,2,1,1,1,0,1
оспорить,1,2,1,1,1,1,1
подгонять,1,3,2,1,1,1,1
принять,5,2,3,1,-1,0,1
пригласить,12,2,10,1,-1,0,1
предупреждать,1,3,2,1,1,1,1
посетить,1,5,4,1,1,0,1
задавать,2,2,0,0,-1,0,1
расследовать,3,2,1,1,-1,0,1
подать,3,4,1,1,1,0,1
подтолкнуть,4,15,11,1,1,0,1
создать,6,2,4,1,-1,0,1
снять,2,2,0,0,-1,1,1
сравнивать,2,4,2,1,1,0,1
стимулировать,1,7,6,1,1,-1,1
поставить,2,3,-1,-1,-1,0,1
добавлять,8,8,0,0,-1,0,1
передавать,3,2,1,1,-1,0,1
повторять,2,2,0,0,1,0,1
забрасывать,1,5,4,1,1,0,1
перемещать,1,4,3,1,1,0,1
снимать,1,3,2,1,1,0,1
видеть,1,6,5,1,1,0,1
привязывать,2,3,1,1,1,0,1
метать,1,5,4,1,1,0,1
снимать,5,3,2,1,-1,0,1
поймать,2,3,1,1,1,0,1
показывать,5,3,2,1,-1,0,1
разогнать,3,4,-1,-1,-1,0,1
даровать,1,3,2,1,1,0,1
готовить,1,2,1,1,1,1,1
менять,1,2,1,1,1,1,1
превратить,1,3,2,1,1,0,1
обходить,1,2,1,1,1,0,1
собирать,3,3,0,0,-1,0,1
программировать,1,4,3,1,1,1,1
произвести,3,2,1,1,-1,1,1
вдохнуть,1,2,-1,-1,-1,0,1
описывать,2,8,6,1,1,0,1
направить,2,3,-1,-1,-1,0,1
создать,9,4,5,1,-1,0,1
защитить,1,5,4,1,1,0,1
вешать,9,8,1,1,-1,0,1
брать,2,2,0,0,-1,0,1
переносить,1,4,3,1,1,0,1
ставить,2,2,0,0,-1,1,1
отправлять,2,5,3,1,1,0,1
благословить,1,5,4,1,1,1,1
сохранить,3,2,-1,-1,1,0,1
поставить,1,3,2,1,1,0,1
бормотать,9,2,7,1,-1,1,1
пройти,2,4,2,1,1,0,1
будить,11,2,9,1,-1,1,1
готовить,1,2,1,1,1,0,1
держать,2,14,12,1,1,0,1
навести,1,10,9,1,1,1,1
расспрашивать,1,17,16,1,1,1,1
повести,1,4,3,1,1,1,1
подвести,1,6,5,1,1,1,1
направлять,1,8,7,1,1,0,1
погнать,1,4,3,1,1,0,1
формировать,5,2,3,1,-1,0,1
концентрировать,1,3,2,1,1,0,1
победить,1,4,3,1,1,0,1
вытаскивать,1,3,2,1,1,1,1
винить,2,3,-1,-1,-1,0,1
отсекать,2,2,0,0,-1,0,1
свести,6,2,4,1,-1,0,1
растянуть,1,2,1,1,1,0,1
предоставить,4,5,-1,-1,-1,0,1
ставить,2,3,1,1,1,0,1
отстоять,2,3,1,1,1,0,1
заполнять,1,3,2,1,1,0,1
выключить,1,3,2,1,1,1,1
получить,1,3,-2,-1,-1,0,1
регистрировать,3,3,0,0,1,0,1
привести,1,4,3,1,1,0,1
обвинить,3,3,0,0,1,0,1
увеличить,3,3,0,0,1,0,1
гасить,1,3,2,1,1,0,1
бойкотировать,2,5,3,1,1,0,1
бойкотировать,1,3,2,1,1,0,1
вывести,1,2,1,1,1,0,1
получить,1,3,-2,-1,-1,0,1
разместить,4,3,-1,-1,1,0,1
делать,7,2,5,1,-1,1,1
окунать,1,5,4,1,1,1,1
призывать,4,10,6,1,1,0,1
лить,1,4,3,1,1,0,1
произносить,2,5,3,1,1,0,1
настраивать,2,6,-4,-1,-1,0,1
вывести,2,4,2,1,1,0,1
сравнивать,3,8,5,1,1,0,1
приравнивать,10,8,-2,-1,1,0,1
приписать,4,7,3,1,1,0,1
иметь,1,3,2,1,1,-1,1
иметь,1,13,12,1,1,0,1
измерить,8,2,6,1,-1,0,1
уменьшить,2,4,2,1,1,0,1
пересчитать,2,9,7,1,1,0,1
брать,2,10,8,1,1,0,1
экономить,4,4,0,0,-1,0,1
оставить,5,2,3,1,-1,0,1
сформировать,11,2,9,1,-1,0,1
закончить,3,3,0,0,1,0,1
возглавить,1,3,2,1,1,0,1
привлечь,2,2,0,0,1,0,1
привлечь,4,3,1,1,-1,0,1
получить,2,3,1,1,1,0,1
выработать,8,2,6,1,-1,1,1
показывать,3,3,0,0,1,0,1
открыть,2,2,0,0,-1,1,1
распылять,1,5,4,1,1,0,1
делать,1,4,3,1,1,0,1
акцентировать,1,19,18,1,1,-1,1
делать,2,2,0,0,1,0,1
вкладывать,2,2,0,0,1,0,1
подловить,2,3,1,1,1,0,1
размещать,2,6,4,1,1,0,1
вкладывать,2,5,3,1,1,0,1
порадовать,2,4,2,1,1,0,1
брать,14,2,12,1,-1,1,1
вешать,4,2,-2,-1,1,0,1
терять,1,6,5,1,1,0,1
уравнивать,1,2,1,1,1,1,1
принять,15,2,13,1,-1,0,1
выплачивать,1,12,11,1,1,-1,1
истолковать,2,4,2,1,1,0,1
выиграть,3,4,1,1,1,0,1
подтверждать,2,3,-1,-1,-1,0,1
применять,1,3,2,1,1,1,1
заявить,2,13,11,1,1,0,1
возвращать,2,2,0,0,1,0,1
освобождать,1,4,3,1,1,0,1
приравнивать,2,2,0,0,1,0,1
применять,1,5,4,1,1,1,1
обрести,3,2,1,1,-1,0,1
окружать,1,2,1,1,1,1,1
совместить,1,2,1,1,1,0,1
закупать,1,4,3,1,1,0,1
заложить,6,2,4,1,-1,0,1
завозить,5,3,2,1,-1,0,1
закупать,1,2,1,1,1,0,1
беречь,3,4,1,1,1,0,1
готовить,7,2,5,1,-1,0,1
задавать,1,10,9,1,1,0,1
направлять,1,4,3,1,1,0,1
сохранять,2,4,2,1,1,0,1
подготовить,1,3,2,1,1,0,1
финансировать,2,5,3,1,1,0,1
получить,5,5,0,0,1,0,1
купить,4,3,1,1,-1,0,1
делать,1,3,2,1,1,0,1
поощрять,2,4,2,1,1,0,1
смыть,2,3,1,1,1,0,1
произвести,2,10,8,1,1,0,1
вызвать,1,2,1,1,1,1,1
переводить,2,3,1,1,1,0,1
начать,1,4,3,1,1,0,1
разместить,1,3,2,1,1,1,1
поубавить,4,3,1,1,-1,0,1
называть,2,27,25,1,1,0,1
заменить,1,3,2,1,1,1,1
внести,2,2,0,0,-1,1,1
вывести,2,10,8,1,1,0,1
свести,6,2,4,1,-1,0,1
поддерживать,2,3,1,1,1,0,1
занимать,2,5,3,1,1,0,1
ставить,1,5,4,1,1,1,1
ставить,4,2,2,1,-1,1,1
брать,9,2,7,1,-1,1,1
получать,2,17,15,1,1,-1,1
брать,6,2,4,1,-1,1,1
определить,2,5,-3,-1,-1,0,1
внести,2,23,21,1,1,0,1
осуществлять,1,20,19,1,1,1,1
совмещать,2,4,2,1,1,0,1
совмещать,3,4,1,1,1,0,1
обнаружить,3,10,7,1,1,0,1
совмещать,1,2,1,1,1,0,1
выделить,3,9,6,1,1,0,1
уменьшить,5,4,-1,-1,1,0,1
присобачить,2,6,4,1,1,0,1
превращать,1,4,3,1,1,1,1
повергнуть,2,2,0,0,1,0,1
хвалить,3,34,31,1,1,0,1
обсуждать,2,2,0,0,-1,0,1
брать,5,2,3,1,-1,1,1
сопоставлять,1,3,2,1,1,1,1
вызвать,2,2,0,0,-1,1,1
привлекать,1,3,2,1,1,0,1
набрасывать,4,9,5,1,1,0,1
обнаружить,2,3,-1,-1,-1,0,1
вести,2,2,0,0,1,0,1
инспектировать,1,3,2,1,1,0,1
обращать,1,2,-1,-1,-1,1,1
посетить,1,3,2,1,1,0,1
сровнять,3,6,3,1,1,0,1
разделить,2,17,15,1,1,0,1
относить,1,2,-1,-1,-1,0,1
терять,2,4,2,1,1,0,1
оставлять,9,2,7,1,-1,1,1
оставлять,7,2,5,1,-1,1,1
брать,3,2,1,1,-1,1,1
подтолкнуть,1,4,3,1,1,0,1
называть,3,4,-1,-1,-1,0,1
называть,8,4,4,1,-1,0,1
удерживать,2,3,1,1,1,0,1
поставлять,2,3,-1,-1,-1,0,1
направить,7,3,4,1,-1,0,1
узнать,2,2,0,0,-1,0,1
считать,2,3,1,1,1,0,1
совместить,1,3,2,1,1,0,1
получать,1,3,2,1,1,0,1
выстраивать,2,2,0,0,1,0,1
забирать,1,2,-1,-1,-1,0,1
решать,1,2,-1,-1,-1,1,1
пустить,1,2,1,1,1,0,1
иметь,4,2,2,1,-1,0,1
вести,1,5,4,1,1,1,1
спереть,1,2,1,1,1,0,1
брать,2,2,0,0,-1,0,1
почувствовать,2,2,0,0,-1,1,1
приписывать,1,2,-1,-1,-1,0,1
размещать,3,2,-1,-1,1,0,1
поддерживать,1,6,5,1,1,1,1
поддерживать,1,4,3,1,1,1,1
привести,1,2,1,1,1,1,1
относить,5,2,3,1,-1,0,1
осознать,1,6,5,1,1,0,1
свести,1,9,8,1,1,1,1
принести,3,2,1,1,-1,0,1
опробовать,2,2,0,0,-1,1,1
обложить,7,5,-2,-1,1,0,1
прокручивать,1,3,2,1,1,0,1
наводить,1,2,1,1,1,0,1
совместить,8,4,-4,-1,1,0,1
повернуть,1,3,2,1,1,0,1
втиснуть,2,15,13,1,1,0,1
нести,6,2,4,1,-1,1,1
видеть,2,2,0,0,-1,0,1
класть,7,4,3,1,-1,0,1
брать,9,2,7,1,-1,1,1
приводить,4,2,2,1,-1,0,1
перетягивать,1,2,1,1,1,-1,1
определить,2,3,1,1,1,0,1
объединить,3,9,6,1,1,0,1
организовывать,4,22,18,1,1,-1,1
убедить,1,13,12,1,1,0,1
причислять,1,5,4,1,1,1,1
найти,1,11,10,1,1,0,1
проходить,3,3,0,0,1,0,1
подстерегать,3,3,0,0,1,0,1
отличить,1,4,3,1,1,0,1
принять,2,6,4,1,1,0,1
винить,3,2,1,1,-1,1,1
ставить,1,7,6,1,1,0,1
выбрасывать,1,2,-1,-1,-1,0,1
строить,1,7,6,1,1,0,1
производить,2,3,1,1,1,0,1
изобрести,3,2,1,1,-1,0,1
протаскивать,1,2,1,1,1,0,1
тащить,1,2,1,1,1,1,1
заменить,1,2,-1,-1,-1,0,1
нести,8,4,4,1,-1,0,1
символизировать,1,2,-1,-1,-1,0,1
класть,4,2,2,1,-1,0,1
вызывать,2,2,0,0,-1,1,1
рисовать,4,3,-1,-1,1,0,1
решать,7,2,5,1,-1,0,1
перебирать,1,4,3,1,1,0,1
применить,1,3,2,1,1,1,1
пропускать,8,2,6,1,-1,0,1
открывать,10,2,8,1,-1,0,1
ответить,2,13,11,1,1,0,1
найти,2,5,3,1,1,0,1
сказать,5,6,-1,-1,-1,-1,1
убедить,1,4,3,1,1,0,1
поддерживать,6,2,4,1,-1,0,1
трогать,2,2,0,0,1,0,1
вызвать,2,8,6,1,1,0,1
ставить,1,3,2,1,1,0,1
успокоить,1,3,2,1,1,1,1
вкладывать,1,3,2,1,1,0,1
расширять,2,5,3,1,1,0,1
продавать,2,4,2,1,1,0,1
удержать,1,4,3,1,1,0,1
получить,4,11,7,1,1,0,1
платить,1,2,1,1,1,0,1
брать,10,3,7,1,-1,0,1
доводить,2,2,0,0,1,0,1
делать,6,2,4,1,-1,1,1
искать,1,3,2,1,1,0,1
согласовывать,1,2,1,1,1,0,1
вносить,7,3,4,1,-1,0,1
создать,2,2,0,0,-1,0,1
обсуждать,2,2,0,0,1,0,1
накачать,1,16,15,1,1,1,1
принимать,1,5,4,1,1,0,1
проводить,4,3,-1,-1,1,0,1
принести,5,3,-2,-1,1,0,1
сдать,1,3,2,1,1,1,1
иметь,1,4,3,1,1,0,1
открывать,2,3,1,1,1,0,1
превращать,1,4,3,1,1,1,1
делать,3,2,1,1,-1,0,1
планировать,1,3,2,1,1,0,1
манить,3,2,1,1,-1,1,1
озвучить,7,3,4,1,-1,0,1
вывести,2,5,3,1,1,0,1
ставить,15,2,13,1,-1,1,1
перекладывать,2,2,0,0,-1,0,1
рассматривать,2,9,7,1,1,0,1
наполнять,3,9,6,1,1,-1,1
учитывать,3,4,1,1,1,0,1
переносить,2,6,4,1,1,0,1
привести,2,3,1,1,1,0,1
выдвинуть,1,2,1,1,1,0,1
формулировать,1,4,3,1,1,0,1
донести,4,2,-2,-1,1,0,1
внедрять,16,3,13,1,-1,0,1
иметь,1,8,7,1,1,0,1
довести,1,5,4,1,1,0,1
донести,4,2,-2,-1,1,0,1
удерживать,2,5,3,1,1,0,1
присоединять,1,2,-1,-1,-1,1,1
добавлять,2,10,8,1,1,0,1
наносить,8,4,4,1,-1,0,1
анализировать,3,20,17,1,1,0,1
доставить,2,2,0,0,1,0,1
обеспечить,9,3,-6,-1,1,0,1
строить,3,3,0,0,1,0,1
довести,11,17,6,1,1,0,1
увеличить,13,5,-8,-1,1,0,1
направлять,1,2,1,1,1,0,1
отправить,1,3,2,1,1,0,1
убедить,1,3,2,1,1,0,1
заменять,3,2,-1,-1,1,0,1
перевести,1,3,2,1,1,0,1
перевести,3,3,0,0,1,0,1
записывать,2,3,1,1,1,0,1
проходить,1,8,7,1,1,1,1
решить,1,4,3,1,1,0,1
терять,1,2,1,1,1,0,1
осознавать,4,3,1,1,-1,0,1
гнать,1,4,3,1,1,1,1
строить,1,2,1,1,1,0,1
сменить,2,3,1,1,1,0,1
подавать,1,3,2,1,1,1,1
вскрывать,1,2,1,1,1,1,1
получать,2,2,0,0,-1,0,1
использовать,4,5,1,1,1,0,1
увеличить,2,2,0,0,1,0,1
нацелить,1,33,32,1,1,0,1
тратить,1,3,2,1,1,0,1
повысить,5,6,1,1,1,0,1
проходить,3,3,0,0,1,0,1
получать,2,3,1,1,1,0,1
готовить,1,3,2,1,1,0,1
отвратить,5,2,3,1,-1,1,1
терять,3,3,0,0,1,0,1
искать,1,6,5,1,1,0,1
менять,1,2,1,1,1,0,1
реабилитировать,1,4,3,1,1,0,1
привести,1,2,1,1,1,1,1
строить,1,4,3,1,1,0,1
направить,9,16,7,1,1,0,1
получать,4,2,2,1,-1,1,1
принимать,3,2,1,1,-1,0,1
иметь,1,13,12,1,1,0,1
вложить,2,3,1,1,1,0,1
отнести,1,12,11,1,1,0,1
направить,14,2,12,1,-1,0,1
систематизировать,1,4,3,1,1,0,1
продвигать,1,2,1,1,1,0,1
заключать,6,2,4,1,-1,0,1
брать,1,18,17,1,1,0,1
направить,4,2,2,1,-1,0,1
выводить,1,5,4,1,1,0,1
раздирать,1,2,1,1,1,0,1
отодвигать,1,11,10,1,1,0,1
замолвить,1,2,-1,-1,-1,1,1
загрузить,10,3,7,1,-1,0,1
подшить,3,2,1,1,-1,0,1
известить,1,5,4,1,1,1,1
навести,1,4,3,1,1,0,1
продать,3,2,-1,-1,1,0,1
латать,3,7,4,1,1,0,1
доводить,5,3,-2,-1,1,0,1
оставить,5,2,3,1,-1,0,1
снимать,2,2,0,0,-1,1,1
ставить,12,2,10,1,-1,0,1
получить,4,5,1,1,1,0,1
приводить,1,9,8,1,1,0,1
подчеркивать,9,2,7,1,-1,0,1
вести,1,2,1,1,1,0,1
снимать,1,10,9,1,1,0,1
рассматривать,4,9,5,1,1,0,1
доводить,1,9,8,1,1,1,1
вывести,1,3,2,1,1,0,1
выводить,1,2,1,1,1,0,1
развернуть,1,3,2,1,1,1,1
прятать,1,3,2,1,1,0,1
обращать,1,2,-1,-1,-1,1,1
перераспределять,1,3,2,1,1,0,1
поощрять,4,2,2,1,-1,1,1
выделять,2,5,3,1,1,0,1
исключать,3,5,2,1,1,0,1
выполнять,1,2,1,1,1,0,1
давать,2,2,0,0,-1,0,1
поступить,1,2,1,1,1,0,1
сдавать,1,3,2,1,1,0,1
сравнивать,1,2,1,1,1,0,1
сбрить,4,3,1,1,-1,0,1
использовать,4,6,2,1,1,0,1
представить,1,29,28,1,1,1,1
сосредоточивать,6,3,3,1,-1,0,1
сосредоточивать,2,3,1,1,1,0,1
разворотить,3,3,0,0,-1,0,1
вбить,1,4,3,1,1,0,1
проявлять,9,5,-4,-1,1,0,1
смотреть,1,2,1,1,1,0,1
инвестировать,1,3,2,1,1,0,1
увеличивать,1,6,5,1,1,0,1
приводить,2,2,0,0,-1,0,1
выделять,3,3,0,0,1,0,1
вливать,1,3,2,1,1,0,1
продавать,2,2,0,0,1,0,1
стимулировать,1,5,4,1,1,1,1
опережать,1,7,6,1,1,1,1
проводить,1,3,2,1,1,0,1
пересмотреть,9,6,-3,-1,1,0,1
выводить,5,2,3,1,-1,0,1
вернуть,1,2,-1,-1,-1,1,1
сохранить,3,3,0,0,1,0,1
сохранить,4,4,0,0,1,0,1
утвердить,1,3,2,1,1,0,1
радовать,1,3,2,1,1,1,1
видеть,9,3,6,1,-1,0,1
перевешивать,6,3,3,1,-1,0,1
нарушить,2,3,1,1,1,0,1
влечь,3,2,1,1,-1,1,1
вызвать,2,3,1,1,1,0,1
привести,1,3,2,1,1,0,1
подтолкнуть,1,3,2,1,1,1,1
купить,1,4,3,1,1,0,1
купить,1,4,3,1,1,0,1
ставить,1,19,18,1,1,0,1
повезти,1,2,1,1,1,0,1
начать,1,3,2,1,1,0,1
присовокуплять,1,3,2,1,1,0,1
оценивать,2,4,2,1,1,0,1
догонять,11,3,8,1,-1,0,1
ставить,1,3,2,1,1,0,1
брать,1,2,1,1,1,0,1
оставить,3,2,-1,-1,1,0,1
обеспечить,2,3,1,1,1,0,1
вести,1,7,6,1,1,1,1
иметь,1,4,3,1,1,0,1
сводить,1,2,1,1,1,0,1
ставить,1,3,2,1,1,1,1
готовить,1,18,17,1,1,0,1
выдержать,4,11,7,1,1,0,1
оставить,14,2,12,1,-1,0,1
видеть,2,15,13,1,1,-1,1
снять,2,2,0,0,-1,1,1
получать,7,2,5,1,-1,0,1
закупить,1,5,4,1,1,0,1
печь,3,4,1,1,1,0,1
печь,1,3,2,1,1,1,1
портить,1,2,1,1,1,0,1
корректировать,2,4,2,1,1,0,1
направить,14,2,12,1,-1,0,1
инкорпорировать,2,5,3,1,1,0,1
ослаблять,2,3,1,1,1,0,1
представить,32,2,30,1,-1,0,1
превратить,1,4,3,1,1,0,1
создать,5,2,3,1,-1,0,1
приводить,1,4,3,1,1,1,1
удерживать,1,5,4,1,1,0,1
восстановить,2,3,1,1,1,0,1
брать,1,3,2,1,1,0,1
размещать,9,4,-5,-1,1,0,1
пролить,3,3,0,0,1,0,1
рассматривать,2,4,2,1,1,0,1
использовать,2,3,1,1,1,0,1
избавлять,1,16,15,1,1,1,1
внедрить,3,4,-1,-1,-1,0,1
превосходить,4,4,0,0,1,0,1
расставить,4,3,1,1,-1,0,1
закрепить,8,2,6,1,-1,1,1
менять,3,7,4,1,1,0,1
обнаружить,8,2,6,1,-1,0,1
сформировать,2,13,11,1,1,0,1
воспроизвести,2,4,2,1,1,0,1
сохранять,2,3,1,1,1,0,1
стимулировать,1,3,2,1,1,0,1
включать,3,2,1,1,-1,1,1
конструировать,3,9,6,1,1,0,1
просчитать,3,2,-1,-1,1,0,1
исключить,11,2,9,1,-1,0,1
превратить,3,4,1,1,1,0,1
использовать,2,4,2,1,1,0,1
раскритиковать,1,4,3,1,1,1,1
вскрыть,2,3,1,1,1,0,1
выставлять,3,2,1,1,-1,0,1
принять,1,2,-1,-1,-1,0,1
послать,1,2,1,1,1,0,1
представлять,2,2,0,0,-1,0,1
превратить,2,3,1,1,1,0,1
использовать,1,4,3,1,1,0,1
превышать,2,4,2,1,1,0,1
тратить,3,4,1,1,1,0,1
копить,1,3,2,1,1,0,1
собирать,2,2,0,0,1,0,1
пустить,1,3,2,1,1,0,1
запустить,7,8,1,1,1,0,1
выкупить,3,3,0,0,-1,0,1
продать,1,3,2,1,1,1,1
решить,2,9,7,1,1,0,1
фиксировать,1,4,3,1,1,0,1
снизить,1,5,4,1,1,0,1
оставить,2,2,0,0,-1,0,1
строить,2,10,8,1,1,-1,1
отодвинуть,3,3,0,0,1,0,1
делать,1,4,3,1,1,0,1
отстаивать,3,2,-1,-1,1,0,1
платить,1,8,7,1,1,0,1
получать,2,5,3,1,1,0,1
делать,1,2,-1,-1,-1,0,1
разрушить,12,2,10,1,-1,0,1
держать,1,2,1,1,1,1,1
ухудшить,7,2,5,1,-1,0,1
пустить,1,2,1,1,1,0,1
пустить,1,3,2,1,1,0,1
провести,24,8,16,1,-1,0,1
любить,1,2,1,1,1,0,1
ознакомить,6,26,20,1,1,0,1
пролить,4,11,7,1,1,0,1
пройти,2,4,2,1,1,0,1
оценивать,3,6,3,1,1,0,1
требовать,2,2,0,0,-1,1,1
обеспечить,2,3,1,1,1,0,1
протащить,6,2,4,1,-1,0,1
наказать,1,7,6,1,1,0,1
принять,1,3,-2,-1,-1,0,1
принимать,5,9,4,1,1,0,1
исключить,2,6,4,1,1,0,1
переводить,1,6,5,1,1,0,1
получить,1,3,-2,-1,-1,0,0
получать,4,3,1,1,-1,0,0
представлять,6,2,-4,-1,1,0,0
оставить,1,6,-5,-1,-1,-1,0
мыть,1,2,-1,-1,-1,0,0
оставлять,1,8,-7,-1,-1,-1,0
ставить,1,6,-5,-1,-1,0,0
использовать,1,4,-3,-1,-1,-1,0
проверять,2,5,-3,-1,-1,0,0
приносить,2,3,-1,-1,-1,0,0
увеличить,1,3,-2,-1,-1,0,0
получать,1,12,-11,-1,-1,0,0
обогнать,3,3,0,0,-1,0,0
превзойти,1,4,-3,-1,-1,0,0
набирать,8,2,-6,-1,1,0,0
приглашать,6,2,-4,-1,1,0,0
снять,1,3,-2,-1,-1,0,0
брать,1,2,1,1,1,0,0
путать,1,3,-2,-1,-1,0,0
роднить,1,2,-1,-1,-1,-1,0
издавать,2,5,-3,-1,-1,0,0
использовать,2,7,5,1,1,0,0
использовать,1,2,-1,-1,-1,0,0
держать,1,2,-1,-1,-1,0,0
перевести,1,3,-2,-1,-1,0,0
перевести,4,2,-2,-1,1,0,0
держать,2,2,0,0,-1,0,0
ставить,1,4,3,1,1,0,0
получить,1,3,-2,-1,-1,0,0
загонять,2,2,0,0,-1,0,0
зарабатывать,1,3,-2,-1,-1,0,0
получить,3,12,-9,-1,-1,0,0
подталкивать,1,3,-2,-1,-1,-1,0
внести,2,3,-1,-1,-1,0,0
собрать,3,3,0,0,1,0,0
сохранить,2,11,-9,-1,-1,0,0
взвалить,2,2,0,0,1,-1,0
найти,1,3,-2,-1,-1,0,0
слышать,1,4,-3,-1,-1,0,0
осознать,1,3,-2,-1,-1,-1,0
обнаружить,1,3,-2,-1,-1,0,0
пролить,1,6,-5,-1,-1,0,0
подстраивать,2,2,0,0,-1,0,0
ввести,2,2,0,0,1,0,0
принять,4,2,-2,-1,1,0,0
использовать,3,7,-4,-1,-1,0,0
обогащать,1,9,-8,-1,-1,-1,0
ужесточить,8,25,-17,-1,-1,1,0
перевести,1,3,-2,-1,-1,-1,0
дозировать,2,5,-3,-1,-1,0,0
вывести,1,2,-1,-1,-1,0,0
зарядить,1,7,-6,-1,-1,0,0
маскировать,3,4,-1,-1,-1,0,0
перемещать,3,4,-1,-1,-1,0,0
поддерживать,2,2,0,0,1,-1,0
вовлекать,5,2,-3,-1,1,0,0
исполнять,2,7,-5,-1,-1,0,0
контролировать,2,3,-1,-1,-1,0,0
добавить,9,2,-7,-1,1,-1,0
доводить,1,3,-2,-1,-1,-1,0
брать,6,2,-4,-1,1,0,0
кидать,1,9,-8,-1,-1,-1,0
повергнуть,1,3,-2,-1,-1,-1,0
наводить,1,2,-1,-1,-1,0,0
простить,1,4,-3,-1,-1,-1,0
вывести,1,2,1,1,1,0,0
распределять,3,4,-1,-1,-1,0,0
отпускать,1,3,-2,-1,-1,0,0
удерживать,1,10,-9,-1,-1,0,0
толкнуть,1,27,-26,-1,-1,-1,0
толкнуть,1,2,-1,-1,-1,0,0
винить,1,5,-4,-1,-1,0,0
завершать,1,7,-6,-1,-1,1,0
отправить,1,2,-1,-1,-1,-1,0
обсуждать,2,2,0,0,-1,0,0
примирить,2,2,0,0,-1,0,0
представить,1,26,-25,-1,-1,-1,0
сопоставить,2,2,0,0,1,-1,0
защищать,1,3,-2,-1,-1,0,0
брать,1,3,2,1,1,0,0
оставить,4,2,-2,-1,1,-1,0
распознать,2,4,2,1,1,0,0
зарядить,1,7,-6,-1,-1,0,0
видеть,11,6,-5,-1,1,0,0
озвучивать,17,4,-13,-1,1,1,0
выводить,5,2,-3,-1,1,0,0
откладывать,4,2,-2,-1,1,0,0
вкладывать,3,5,-2,-1,-1,0,0
плодить,5,29,-24,-1,-1,1,0
оставлять,9,2,7,1,-1,0,0
ставить,1,2,-1,-1,-1,0,0
поставлять,1,2,-1,-1,-1,0,0
завозить,1,3,-2,-1,-1,0,0
сдержать,14,2,-12,-1,1,0,0
разбивать,3,4,1,1,1,0,0
собирать,1,9,-8,-1,-1,0,0
брать,2,2,0,0,-1,0,0
поймать,5,2,3,1,-1,0,0
завести,3,4,-1,-1,-1,0,0
поднять,1,4,-3,-1,-1,0,0
ставить,5,2,-3,-1,1,0,0
устанавливать,3,2,-1,-1,1,0,0
влечь,2,2,0,0,1,-1,0
нести,1,2,1,1,1,-1,0
открыть,4,2,2,1,-1,0,0
навязывать,11,3,-8,-1,1,0,0
оставить,2,2,0,0,-1,0,0
приблизить,2,3,-1,-1,-1,0,0
закачивать,1,12,-11,-1,-1,-1,0
снимать,1,3,-2,-1,-1,0,0
уровнять,2,3,-1,-1,-1,0,0
навести,1,2,-1,-1,-1,0,0
закупать,7,6,-1,-1,1,0,0
ставить,1,3,-2,-1,-1,0,0
убрать,2,3,-1,-1,-1,0,0
отстаивать,2,11,-9,-1,-1,0,0
затевать,2,2,0,0,-1,0,0
ставить,1,6,-5,-1,-1,-1,0
связывать,2,4,-2,-1,-1,0,0
ставить,5,3,-2,-1,1,0,0
оценивать,3,4,-1,-1,-1,0,0
увязывать,2,5,-3,-1,-1,0,0
иметь,10,2,-8,-1,1,1,0
использовать,2,5,-3,-1,-1,1,0
избавить,1,4,-3,-1,-1,0,0
делать,3,5,-2,-1,-1,-1,0
послать,2,4,2,1,1,0,0
набирать,1,2,-1,-1,-1,0,0
поискать,2,3,-1,-1,-1,0,0
увеличить,2,3,-1,-1,-1,0,0
провести,1,21,-20,-1,-1,0,0
отобрать,1,2,1,1,1,-1,0
разъяснить,2,12,-10,-1,-1,0,0
провести,1,4,-3,-1,-1,0,0
брать,1,2,-1,-1,-1,0,0
вкалывать,30,3,-27,-1,1,0,0
винить,4,2,-2,-1,1,0,0
винить,27,2,-25,-1,1,0,0
переносить,2,4,-2,-1,-1,0,0
иметь,1,2,1,1,1,-1,0
определять,1,3,2,1,1,1,0
решить,2,2,0,0,1,-1,0
развернуть,1,3,-2,-1,-1,0,0
означать,32,2,-30,-1,1,0,0
находить,2,5,-3,-1,-1,0,0
вложить,8,4,-4,-1,1,0,0
начинать,1,2,-1,-1,-1,-1,0
утвердить,12,6,-6,-1,1,0,0
возбуждать,21,2,-19,-1,1,-1,0
дочесть,3,2,1,1,-1,0,0
подтащить,1,2,1,1,1,0,0
унижать,2,4,-2,-1,-1,0,0
соединять,9,5,4,1,-1,0,0
представлять,7,2,-5,-1,1,-1,0
ставить,2,3,1,1,1,0,0
выдавать,6,5,1,1,-1,0,0
усмотреть,2,20,-18,-1,-1,1,0
сохранять,2,2,0,0,1,0,0
привлечь,3,3,0,0,1,0,0
относить,1,3,-2,-1,-1,-1,0
получать,6,3,3,1,-1,0,0
охранять,3,4,-1,-1,-1,0,0
выращивать,4,2,-2,-1,1,-1,0
возрождать,2,3,1,1,1,0,0
привести,1,2,-1,-1,-1,0,0
пускать,1,3,-2,-1,-1,-1,0
загнать,1,2,-1,-1,-1,0,0
вести,1,3,-2,-1,-1,-1,0
считывать,3,2,-1,-1,1,-1,0
впитывать,11,2,-9,-1,1,-1,0
устроить,4,7,-3,-1,-1,0,0
принимать,2,2,0,0,1,0,0
отделить,2,3,-1,-1,-1,0,0
сровнять,3,3,0,0,-1,0,0
провести,4,2,-2,-1,1,0,0
убрать,9,2,-7,-1,1,0,0
ставить,2,2,0,0,-1,0,0
причислять,1,3,-2,-1,-1,-1,0
обрабатывать,5,3,2,1,-1,0,0
получить,6,2,-4,-1,1,0,0
превосходить,1,3,-2,-1,-1,0,0
читать,2,3,-1,-1,-1,0,0
получить,1,2,-1,-1,-1,0,0
окончить,2,4,-2,-1,-1,0,0
брать,2,2,0,0,1,0,0
удерживать,2,12,-10,-1,-1,0,0
тратить,1,2,-1,-1,-1,0,0
обойти,7,2,-5,-1,1,0,0
ставить,2,2,0,0,-1,0,0
заметить,1,2,-1,-1,-1,0,0
приглашать,3,3,0,0,1,0,0
брать,1,6,-5,-1,-1,0,0
утверждать,6,3,-3,-1,1,0,0
убедить,2,3,-1,-1,-1,0,0
подтянуть,8,2,-6,-1,1,0,0
подписать,15,3,-12,-1,1,0,0
производить,1,2,-1,-1,-1,0,0
знать,1,5,-4,-1,-1,0,0
собрать,22,2,-20,-1,1,0,0
защищать,1,3,-2,-1,-1,0,0
иметь,2,3,-1,-1,-1,0,0
доводить,1,3,-2,-1,-1,-1,0
вызывать,4,2,-2,-1,1,-1,0
формировать,1,6,-5,-1,-1,0,0
сформировать,8,4,4,1,-1,0,0
строить,12,2,-10,-1,1,0,0
воплотить,2,2,0,0,1,0,0
влечь,3,2,-1,-1,1,-1,0
знакомить,1,3,-2,-1,-1,0,0
провести,2,8,-6,-1,-1,0,0
принять,2,2,0,0,-1,0,0
ввести,2,2,0,0,1,0,0
передать,2,2,0,0,1,0,0
критиковать,1,6,-5,-1,-1,1,0
уговорить,1,2,-1,-1,-1,0,0
переставлять,1,3,-2,-1,-1,0,0
выпускать,2,2,0,0,1,0,0
отдавать,2,7,-5,-1,-1,0,0
обвинить,1,4,-3,-1,-1,0,0
судить,1,3,-2,-1,-1,0,0
уберечь,2,2,0,0,1,0,0
оставить,1,3,-2,-1,-1,0,0
привезти,3,2,1,1,-1,0,0
покупать,1,3,-2,-1,-1,0,0
заменить,3,2,-1,-1,1,0,0
забирать,1,6,-5,-1,-1,0,0
разделить,3,4,-1,-1,-1,0,0
подать,1,5,-4,-1,-1,0,0
сдавать,1,3,-2,-1,-1,0,0
создавать,2,3,-1,-1,-1,0,0
ставить,1,14,-13,-1,-1,0,0
переориентировать,2,3,-1,-1,-1,0,0
выбирать,1,4,-3,-1,-1,0,0
нести,1,3,-2,-1,-1,0,0
вкладывать,1,11,-10,-1,-1,-1,0
выдвигать,2,3,1,1,1,0,0
произносить,2,3,1,1,1,0,0
признать,1,3,-2,-1,-1,0,0
опережать,4,3,-1,-1,1,0,0
относить,5,4,1,1,-1,0,0
располагать,1,17,-16,-1,-1,-1,0
опередить,7,3,-4,-1,1,0,0
бросить,1,2,-1,-1,-1,-1,0
получать,8,3,-5,-1,1,0,0
делать,1,5,-4,-1,-1,-1,0
обречь,2,9,-7,-1,-1,0,0
принимать,1,3,-2,-1,-1,0,0
занять,2,3,1,1,1,0,0
приводить,1,10,-9,-1,-1,-1,0
готовить,1,5,-4,-1,-1,0,0
заложить,7,2,-5,-1,1,0,0
укрыть,1,3,-2,-1,-1,0,0
сосредоточить,11,3,-8,-1,1,1,0
диагностировать,1,3,2,1,1,0,0
встречать,1,3,-2,-1,-1,0,0
принимать,1,6,-5,-1,-1,-1,0
съедать,1,2,-1,-1,-1,-1,0
рекомендовать,3,13,-10,-1,-1,0,0
замечать,14,3,-11,-1,1,0,0
сбрасывать,8,2,-6,-1,1,0,0
выставить,2,2,0,0,-1,0,0
извлечь,1,3,2,1,1,0,0
очищать,1,2,-1,-1,-1,-1,0
разлагать,1,4,-3,-1,-1,0,0
отработать,5,2,-3,-1,1,0,0
доставить,1,3,-2,-1,-1,0,0
встречать,2,2,0,0,1,0,0
отметить,1,6,-5,-1,-1,0,0
играть,2,3,1,1,1,0,0
ввести,6,3,-3,-1,1,0,0
собрать,1,16,-15,-1,-1,0,0
отфутболить,1,5,-4,-1,-1,-1,0
просветить,1,2,-1,-1,-1,-1,0
спросить,1,2,-1,-1,-1,-1,0
принять,1,10,-9,-1,-1,-1,0
применить,6,4,-2,-1,1,0,0
передирать,1,2,-1,-1,-1,-1,0
вызвать,4,6,-2,-1,-1,0,0
сравнивать,1,14,-13,-1,-1,-1,0
отличить,2,3,-1,-1,-1,0,0
выцарапать,2,2,0,0,1,0,0
произвести,1,3,-2,-1,-1,0,0
отличать,9,5,4,1,-1,0,0
отличать,3,4,-1,-1,-1,0,0
использовать,2,3,1,1,1,0,0
выделять,3,3,0,0,1,0,0
фиксировать,3,4,-1,-1,-1,0,0
снять,2,2,0,0,-1,0,0
выделять,1,5,-4,-1,-1,0,0
занять,2,2,0,0,-1,0,0
чествовать,1,3,-2,-1,-1,-1,0
пробовать,1,2,-1,-1,-1,-1,0
брать,1,2,1,1,1,0,0
рекомендовать,1,2,-1,-1,-1,0,0
выделять,3,4,-1,-1,-1,0,0
давать,1,10,-9,-1,-1,0,0
рассылать,4,2,2,1,-1,0,0
иметь,2,4,-2,-1,-1,0,0
обеспечить,1,2,-1,-1,-1,-1,0
направить,2,3,-1,-1,-1,0,0
включать,6,2,-4,-1,1,-1,0
увеличивать,1,9,-8,-1,-1,-1,0
защитить,1,2,-1,-1,-1,0,0
брать,1,2,-1,-1,-1,0,0
покупать,1,2,1,1,1,-1,0
бросать,3,6,-3,-1,-1,0,0
получить,3,3,0,0,-1,0,0
закупить,1,3,-2,-1,-1,-1,0
получить,1,4,-3,-1,-1,0,0
занять,6,3,-3,-1,1,0,0
пропустить,1,6,-5,-1,-1,0,0
завоевывать,1,3,-2,-1,-1,0,0
будить,2,2,0,0,1,0,0
сровнять,2,2,0,0,-1,0,0
поражать,3,2,-1,-1,1,0,0
создать,13,3,-10,-1,1,0,0
размазывать,1,2,-1,-1,-1,0,0
говорить,2,5,-3,-1,-1,-1,0
вешать,1,2,1,1,1,-1,0
оставить,2,2,0,0,-1,-1,0
держать,2,2,0,0,1,0,0
менять,4,2,2,1,-1,0,0
выставлять,1,2,-1,-1,-1,-1,0
принимать,12,2,-10,-1,1,-1,0
получать,1,3,-2,-1,-1,0,0
брать,1,3,-2,-1,-1,-1,0
перевести,1,3,-2,-1,-1,-1,0
представлять,6,6,0,0,-1,-1,0
понимать,14,3,-11,-1,1,0,0
греть,1,5,-4,-1,-1,0,0
разделить,3,2,-1,-1,1,-1,0
подавать,1,2,1,1,1,-1,0
ставить,2,2,0,0,1,0,0
установить,4,10,6,1,1,0,0
включить,5,2,-3,-1,1,0,0
конвертировать,1,2,-1,-1,-1,-1,0
ставить,1,2,-1,-1,-1,0,0
переманить,3,3,0,0,1,0,0
видеть,5,2,-3,-1,1,-1,0
получать,1,4,-3,-1,-1,0,0
включить,13,2,-11,-1,1,0,0
окончить,4,4,0,0,-1,0,0
поддержать,1,2,-1,-1,-1,0,0
сравнивать,1,3,-2,-1,-1,-1,0
брать,1,3,-2,-1,-1,0,0
говорить,1,4,-3,-1,-1,-1,0
дать,1,3,2,1,1,0,0
направить,1,4,-3,-1,-1,0,0
впитать,5,2,-3,-1,1,-1,0
смотреть,1,3,-2,-1,-1,0,0
отделять,2,3,-1,-1,-1,0,0
брать,3,2,1,1,-1,0,0
получать,1,2,-1,-1,-1,0,0
покупать,2,2,0,0,1,0,0
провести,2,2,0,0,-1,0,0
выявлять,1,3,-2,-1,-1,0,0
утверждать,1,3,-2,-1,-1,0,0
согласовывать,1,2,-1,-1,-1,-1,0
направить,1,8,-7,-1,-1,-1,0
провести,8,2,-6,-1,1,0,0
ставить,4,4,0,0,-1,0,0
проиграть,4,3,1,1,-1,-1,0
включать,4,2,-2,-1,1,-1,0
создавать,10,3,-7,-1,1,0,0
вызвать,4,3,-1,-1,1,0,0
остановить,1,19,-18,-1,-1,0,0
брать,1,2,-1,-1,-1,-1,0
иметь,12,3,-9,-1,1,0,0
принять,2,2,0,0,1,0,0
обрести,2,15,-13,-1,-1,0,0
изложить,4,5,-1,-1,-1,0,0
собрать,1,6,-5,-1,-1,-1,0
переводить,1,6,-5,-1,-1,0,0
создавать,3,2,-1,-1,1,0,0
переводить,1,16,-15,-1,-1,0,0
оказывать,4,4,0,0,-1,0,0
образовывать,6,2,-4,-1,1,0,0
брать,1,2,1,1,1,0,0
создавать,15,3,-12,-1,1,0,0
держать,1,2,1,1,1,0,0
создавать,13,2,-11,-1,1,0,0
снижать,1,4,-3,-1,-1,-1,0
использовать,1,6,-5,-1,-1,0,0
использовать,1,3,-2,-1,-1,0,0
держать,2,2,0,0,1,0,0
обретать,2,4,2,1,1,0,0
принимать,3,3,0,0,1,0,0
сжать,2,2,0,0,1,0,0
опустить,1,2,-1,-1,-1,0,0
выставить,2,3,-1,-1,-1,0,0
сосредоточить,1,8,-7,-1,-1,-1,0
брать,1,2,-1,-1,-1,-1,0
отличить,6,3,3,1,-1,0,0
продвинуть,2,5,-3,-1,-1,0,0
определять,3,3,0,0,-1,0,0
ставить,5,2,-3,-1,1,-1,0
проверять,2,2,0,0,-1,0,0
выделить,1,3,2,1,1,0,0
разбить,1,2,-1,-1,-1,0,0
разделить,1,2,-1,-1,-1,-1,0
применить,2,25,-23,-1,-1,0,0
разделить,5,2,3,1,-1,0,0
выделить,1,3,2,1,1,0,0
иметь,1,3,-2,-1,-1,0,0
сровнять,2,7,-5,-1,-1,0,0
отмечать,4,3,-1,-1,1,0,0
получить,1,3,-2,-1,-1,0,0
монтировать,4,2,2,1,-1,0,0
носить,1,2,-1,-1,-1,0,0
делать,1,3,-2,-1,-1,-1,0
оценить,2,2,0,0,-1,0,0
получать,4,2,-2,-1,1,0,0
подловить,1,3,-2,-1,-1,-1,0
разрисовать,1,2,-1,-1,-1,0,0
устроить,1,3,-2,-1,-1,0,0
выстроить,3,2,-1,-1,1,0,0
моделировать,1,2,1,1,1,0,0
спросить,1,10,-9,-1,-1,0,0
проводить,4,3,1,1,-1,0,0
принять,1,2,1,1,1,-1,0
ощущать,3,2,-1,-1,1,-1,0
принять,4,2,-2,-1,1,-1,0
проводить,1,2,-1,-1,-1,0,0
проявлять,2,2,0,0,1,-1,0
представить,9,7,-2,-1,1,0,0
делать,8,3,-5,-1,1,0,0
раскопать,5,4,-1,-1,1,0,0
ввозить,2,2,0,0,1,0,0
употребить,3,3,0,0,-1,0,0
проводить,1,3,2,1,1,0,0
принести,4,6,-2,-1,-1,0,0
получить,3,6,3,1,1,0,0
строить,3,3,0,0,1,0,0
привести,1,14,-13,-1,-1,-1,0
вычеркнуть,1,3,-2,-1,-1,-1,0
ставить,4,2,-2,-1,1,-1,0
защищать,2,4,-2,-1,-1,0,0
вытянуть,1,3,-2,-1,-1,-1,0
допустить,3,3,0,0,-1,0,0
применять,2,2,0,0,1,0,0
предостеречь,1,4,-3,-1,-1,-1,0
определить,3,3,0,0,-1,0,0
давать,1,3,-2,-1,-1,0,0
сравнивать,2,3,-1,-1,-1,0,0
почувствовать,4,3,-1,-1,1,1,0
опубликовать,4,4,0,0,-1,0,0
собрать,2,2,0,0,1,-1,0
принести,2,2,0,0,1,-1,0
рисовать,1,2,1,1,1,0,0
отдать,1,14,-13,-1,-1,0,0
нести,1,3,-2,-1,-1,0,0
узнать,1,2,1,1,1,1,0
сказать,1,2,-1,-1,-1,-1,0
извлечь,5,3,-2,-1,1,1,0
вызывать,1,2,-1,-1,-1,0,0
стелить,1,2,1,1,1,0,0
водить,1,2,1,1,1,0,0
послать,1,2,-1,-1,-1,-1,0
вызвать,8,6,2,1,-1,0,0
подозревать,9,2,-7,-1,1,-1,0
спрашивать,1,3,-2,-1,-1,0,0
переводить,1,3,-2,-1,-1,-1,0
излагать,2,2,0,0,-1,0,0
мучить,1,4,-3,-1,-1,-1,0
демонстрировать,4,2,-2,-1,1,-1,0
использовать,4,3,-1,-1,1,0,0
разглядывать,1,2,-1,-1,-1,-1,0
сдвинуть,1,2,-1,-1,-1,-1,0
прицепить,6,11,-5,-1,-1,0,0
подвесить,1,3,-2,-1,-1,-1,0
раскачать,1,2,-1,-1,-1,-1,0
наблюдать,9,2,-7,-1,1,0,0
решать,2,5,-3,-1,-1,0,0
превращать,2,3,-1,-1,-1,0,0
создать,2,6,4,1,1,0,0
использовать,8,3,-5,-1,1,0,0
собирать,1,3,-2,-1,-1,0,0
забивать,2,2,0,0,-1,0,0
адресовать,2,5,-3,-1,-1,0,0
собирать,3,3,0,0,-1,0,0
соскребать,2,3,-1,-1,-1,0,0
поражать,3,6,-3,-1,-1,0,0
очищать,2,3,-1,-1,-1,0,0
использовать,7,3,-4,-1,1,0,0
укладывать,1,3,-2,-1,-1,0,0
приставить,2,3,-1,-1,-1,0,0
собрать,2,2,0,0,-1,0,0
исключить,5,3,-2,-1,1,0,0
вводить,1,2,-1,-1,-1,0,0
получать,4,2,-2,-1,1,0,0
записывать,3,3,0,0,1,0,0
получить,1,4,-3,-1,-1,0,0
разбирать,7,2,-5,-1,1,1,0
проецировать,1,2,-1,-1,-1,0,0
собирать,1,14,-13,-1,-1,0,0
повторять,1,8,-7,-1,-1,-1,0
применять,2,3,-1,-1,-1,0,0
использовать,3,3,0,0,1,0,0
начать,5,3,2,1,-1,0,0
организовывать,5,4,-1,-1,1,0,0
преподавать,3,2,-1,-1,1,0,0
изучать,1,2,1,1,1,0,0
окончить,7,3,-4,-1,1,0,0
получить,2,23,-21,-1,-1,0,0
иметь,31,2,-29,-1,1,-1,0
преподавать,1,6,-5,-1,-1,0,0
перепечатать,1,13,-12,-1,-1,-1,0
предполагать,4,5,1,1,1,0,0
выводить,1,2,1,1,1,-1,0
понимать,1,3,-2,-1,-1,-1,0
извлечь,7,4,-3,-1,1,1,0
различить,5,2,-3,-1,1,-1,0
узнавать,2,2,0,0,1,0,0
сохранять,7,3,-4,-1,1,0,0
иметь,3,5,2,1,1,0,0
предохранить,1,2,-1,-1,-1,-1,0
опубликовать,12,10,2,1,-1,0,0
делать,1,4,-3,-1,-1,-1,0
вынуть,1,3,-2,-1,-1,-1,0
совершить,6,5,1,1,-1,0,0
накладывать,2,9,-7,-1,-1,0,0
совершать,4,3,1,1,-1,0,0
начинать,2,5,-3,-1,-1,0,0
прекратить,1,5,-4,-1,-1,0,0
удерживать,1,3,-2,-1,-1,0,0
приводить,1,10,-9,-1,-1,0,0
обнаружить,2,7,-5,-1,-1,0,0
вести,1,3,-2,-1,-1,-1,0
запускать,1,11,-10,-1,-1,-1,0
представлять,1,2,-1,-1,-1,0,0
пройти,4,4,0,0,-1,0,0
принять,4,3,1,1,-1,0,0
использовать,2,4,-2,-1,-1,0,0
смещать,3,4,-1,-1,-1,0,0
повысить,3,3,0,0,-1,0,0
пройти,2,5,-3,-1,-1,0,0
завершить,2,3,-1,-1,-1,0,0
выбирать,5,2,3,1,-1,0,0
поддерживать,4,4,0,0,-1,0,0
осуществлять,4,4,0,0,-1,0,0
осуществлять,1,9,-8,-1,-1,0,0
иметь,1,4,-3,-1,-1,0,0
найти,2,4,-2,-1,-1,-1,0
иметь,3,2,-1,-1,1,0,0
видеть,9,2,-7,-1,1,0,0
признавать,2,4,2,1,1,0,0
вызывать,2,2,0,0,1,-1,0
закрыть,1,2,1,1,1,-1,0
любить,1,4,-3,-1,-1,0,0
наставить,1,3,-2,-1,-1,-1,0
встретить,2,8,-6,-1,-1,0,0
пресечь,8,5,-3,-1,1,0,0
хвалить,1,5,-4,-1,-1,-1,0
видеть,4,5,1,1,1,0,0
видеть,2,2,0,0,1,-1,0
классифицировать,1,5,-4,-1,-1,0,0
вычленять,4,15,-11,-1,-1,0,0
предоставлять,3,3,0,0,-1,0,0
запретить,3,8,-5,-1,-1,0,0
отыскать,10,6,-4,-1,1,0,0
перебирать,4,3,1,1,-1,0,0
индексировать,1,7,-6,-1,-1,0,0
добавить,13,2,-11,-1,1,0,0
раскрывать,3,3,0,0,1,0,0
вбить,2,5,3,1,1,0,0
вывести,1,8,-7,-1,-1,0,0
наблюдать,1,3,-2,-1,-1,0,0
брать,1,14,-13,-1,-1,0,0
сочетать,9,2,-7,-1,1,-1,0
брать,1,3,-2,-1,-1,0,0
переместить,1,4,-3,-1,-1,0,0
заменить,1,12,-11,-1,-1,-1,0
совершать,6,7,-1,-1,-1,0,0
подставлять,2,2,0,0,-1,0,0
оставлять,1,2,-1,-1,-1,0,0
доводить,1,2,-1,-1,-1,0,0
просрочить,1,4,-3,-1,-1,0,0
вынести,1,3,-2,-1,-1,0,0
победить,2,15,-13,-1,-1,0,0
выигрывать,1,2,-1,-1,-1,0,0
оставлять,7,2,-5,-1,1,-1,0
отстоять,1,6,-5,-1,-1,0,0
передавать,2,2,0,0,-1,0,0
оставить,1,2,-1,-1,-1,0,0
заменить,1,3,-2,-1,-1,-1,0
вернуть,1,3,-2,-1,-1,0,0
нажимать,8,2,-6,-1,1,0,0
начать,1,6,-5,-1,-1,0,0
вводить,2,5,-3,-1,-1,0,0
просить,7,2,-5,-1,1,0,0
обдумывать,2,3,-1,-1,-1,0,0
делать,1,2,-1,-1,-1,0,0
записывать,1,3,-2,-1,-1,-1,0
делать,2,2,0,0,1,0,0
вести,2,4,-2,-1,-1,0,0
записать,2,6,-4,-1,-1,1,0
записать,3,2,-1,-1,1,0,0
делать,2,2,0,0,-1,0,0
записывать,9,2,-7,-1,1,0,0
вести,1,3,-2,-1,-1,0,0
иметь,1,3,-2,-1,-1,0,0
делать,1,4,-3,-1,-1,0,0
делать,2,3,-1,-1,-1,0,0
запрещать,1,4,-3,-1,-1,0,0
исключить,1,4,-3,-1,-1,0,0
отождествлять,1,3,-2,-1,-1,-1,0
сочетать,11,2,-9,-1,1,-1,0
провести,6,3,-3,-1,1,0,0
бойкотировать,5,18,-13,-1,-1,0,0
создавать,2,3,1,1,1,0,0
сплотить,2,2,0,0,1,-1,0
продолжать,4,3,1,1,-1,0,0
ставить,6,2,-4,-1,1,-1,0
запустить,1,6,-5,-1,-1,0,0
запускать,1,12,-11,-1,-1,0,0
пробовать,3,2,1,1,-1,1,0
устанавливать,1,2,-1,-1,-1,-1,0
раскручивать,1,3,-2,-1,-1,-1,0
делать,7,2,-5,-1,1,-1,0
пересчитать,1,5,-4,-1,-1,-1,0
умножить,1,3,-2,-1,-1,-1,0
приводить,1,20,-19,-1,-1,-1,0
перемещать,1,5,-4,-1,-1,-1,0
получить,3,4,-1,-1,-1,0,0
генерировать,12,7,-5,-1,1,0,0
нормировать,1,3,-2,-1,-1,-1,0
делить,2,3,-1,-1,-1,0,0
превысить,2,4,-2,-1,-1,0,0
просканировать,2,2,0,0,-1,0,0
рассказать,1,7,-6,-1,-1,0,0
выбить,1,2,1,1,1,-1,0
регистрировать,3,2,-1,-1,1,-1,0
прокачивать,1,3,-2,-1,-1,0,0
пересчитать,1,2,-1,-1,-1,-1,0
выстраивать,1,5,-4,-1,-1,-1,0
инициировать,1,5,-4,-1,-1,0,0
обратить,1,3,-2,-1,-1,0,0
моделировать,2,2,0,0,-1,0,0
сровнять,1,3,-2,-1,-1,-1,0
замедлить,2,3,-1,-1,-1,0,0
вычислить,5,9,4,1,1,0,0
сровнять,1,3,-2,-1,-1,-1,0
класть,2,2,0,0,-1,0,0
дискриминировать,4,6,-2,-1,-1,0,0
разбрасывать,5,2,-3,-1,1,0,0
вывешивать,1,2,1,1,1,0,0
продевать,1,4,-3,-1,-1,0,0
оживлять,1,3,-2,-1,-1,-1,0
бросать,3,6,-3,-1,-1,0,0
понимать,8,2,-6,-1,1,-1,0
выращивать,1,4,-3,-1,-1,0,0
осознать,8,2,-6,-1,1,0,0
фокусировать,2,8,-6,-1,-1,0,0
связывать,3,15,-12,-1,-1,0,0
сосредоточить,2,10,-8,-1,-1,0,0
формулировать,10,3,-7,-1,1,0,0
сровнять,1,12,-11,-1,-1,0,0
ставить,2,4,-2,-1,-1,0,0
навести,1,23,-22,-1,-1,0,0
поддерживать,3,5,-2,-1,-1,0,0
напоминать,3,3,0,0,1,0,0
покрывать,2,4,-2,-1,-1,0,0
образовать,5,3,-2,-1,1,0,0
связывать,3,3,0,0,1,0,0
закреплять,10,2,-8,-1,1,0,0
поместить,2,5,-3,-1,-1,0,0
приостановить,3,6,-3,-1,-1,0,0
консервировать,3,3,0,0,1,0,0
иметь,2,5,-3,-1,-1,0,0
перекраивать,1,3,-2,-1,-1,-1,0
притягивать,2,2,0,0,1,-1,0
использовать,5,14,-9,-1,-1,0,0
использовать,2,3,-1,-1,-1,0,0
возглавлять,1,2,-1,-1,-1,0,0
охранять,1,3,-2,-1,-1,0,0
вернуть,2,2,0,0,-1,0,0
превратить,4,3,1,1,-1,0,0
ссорить,1,2,-1,-1,-1,1,0
посылать,3,3,0,0,1,0,0
вешать,1,2,-1,-1,-1,0,0
поймать,1,2,-1,-1,-1,-1,0
поймать,1,2,-1,-1,-1,0,0
писать,2,2,0,0,1,-1,0
свести,5,3,-2,-1,1,0,0
оплатить,12,3,-9,-1,1,0,0
разделить,7,2,-5,-1,1,0,0
вызывать,2,2,0,0,1,0,0
обвинить,8,11,-3,-1,-1,1,0
тратить,1,10,-9,-1,-1,0,0
распылять,2,6,-4,-1,-1,0,0
купить,5,5,0,0,-1,0,0
закупать,1,12,-11,-1,-1,0,0
смесить,1,2,-1,-1,-1,-1,0
получать,2,4,-2,-1,-1,0,0
выжать,1,2,1,1,1,0,0
посетить,1,4,-3,-1,-1,0,0
завести,1,4,-3,-1,-1,0,0
сливать,1,15,-14,-1,-1,0,0
везти,10,2,-8,-1,1,0,0
брать,1,3,-2,-1,-1,0,0
выделить,1,5,-4,-1,-1,0,0
развивать,1,4,-3,-1,-1,0,0
брать,1,2,1,1,1,-1,0
продолжать,1,5,-4,-1,-1,0,0
использовать,1,2,-1,-1,-1,-1,0
сдавать,3,2,1,1,-1,0,0
выжать,2,2,0,0,1,-1,0
сокращать,1,5,-4,-1,-1,0,0
представить,5,6,-1,-1,-1,0,0
открывать,3,2,-1,-1,1,-1,0
провести,1,2,-1,-1,-1,0,0
брать,1,2,1,1,1,-1,0
использовать,1,3,-2,-1,-1,0,0
составлять,1,6,-5,-1,-1,0,0
отправить,1,2,-1,-1,-1,0,0
получить,1,13,-12,-1,-1,-1,0
ставить,6,2,-4,-1,1,0,0
исключать,15,3,-12,-1,1,0,0
интерпретировать,9,3,-6,-1,1,0,0
найти,3,4,-1,-1,-1,0,0
выдвинуть,1,2,-1,-1,-1,-1,0
требовать,1,2,1,1,1,-1,0
порождать,14,2,-12,-1,1,0,0
спасти,14,3,-11,-1,1,0,0
увеличить,5,4,1,1,-1,0,0
привести,1,2,-1,-1,-1,0,0
назначить,1,9,-8,-1,-1,-1,0
подвергать,8,14,-6,-1,-1,0,0
освободить,2,3,1,1,1,0,0
обжаловать,3,4,-1,-1,-1,0,0
охватить,2,3,1,1,1,0,0
занять,2,4,-2,-1,-1,0,0
привлечь,5,2,-3,-1,1,0,0
назначить,2,5,-3,-1,-1,0,0
возглавить,1,2,1,1,1,0,0
выиграть,1,11,-10,-1,-1,0,0
возбудить,1,2,1,1,1,-1,0
взломать,29,2,-27,-1,1,0,0
передать,1,8,-7,-1,-1,0,0
доставить,1,2,-1,-1,-1,0,0
красть,3,3,0,0,-1,0,0
слать,5,2,3,1,-1,0,0
объединить,4,2,-2,-1,1,0,0
дать,1,4,-3,-1,-1,0,0
давать,1,4,-3,-1,-1,0,0
ждать,1,2,-1,-1,-1,0,0
читать,8,3,-5,-1,1,0,0
распространять,1,2,-1,-1,-1,-1,0
играть,2,3,1,1,1,0,0
породить,2,11,-9,-1,-1,0,0
выхолостить,7,6,1,1,-1,0,0
пережить,4,2,2,1,-1,0,0
писать,4,2,-2,-1,1,0,0
знать,2,2,0,0,-1,0,0
выложить,26,3,-23,-1,1,0,0
привезти,1,3,2,1,1,0,0
ждать,1,2,-1,-1,-1,-1,0
постричь,1,2,-1,-1,-1,-1,0
отложить,2,3,-1,-1,-1,0,0
получить,4,3,-1,-1,1,0,0
явить,1,3,-2,-1,-1,-1,0
путать,2,2,0,0,-1,0,0
приспособить,1,2,-1,-1,-1,0,0
терпеть,2,2,0,0,1,1,0
открывать,1,4,-3,-1,-1,0,0
видеть,2,2,0,0,1,0,0
прервать,1,2,-1,-1,-1,-1,0
просить,1,2,1,1,1,-1,0
просить,1,2,1,1,1,-1,0
перекинуть,1,2,1,1,1,0,0
учить,1,2,-1,-1,-1,0,0
беречь,1,2,-1,-1,-1,0,0
приберечь,1,2,-1,-1,-1,0,0
знать,2,2,0,0,-1,0,0
направить,27,2,-25,-1,1,0,0
сжечь,3,2,-1,-1,1,0,0
сжигать,2,2,0,0,-1,0,0
сжечь,2,2,0,0,1,0,0
сохранять,2,4,-2,-1,-1,0,0
видеть,1,2,1,1,1,-1,0
фиксировать,5,2,-3,-1,1,-1,0
создать,2,3,1,1,1,0,0
решать,2,2,0,0,-1,1,0
обсуждать,3,2,1,1,-1,0,0
пригласить,1,6,-5,-1,-1,0,0
предложить,2,3,-1,-1,-1,0,0
тратить,1,2,1,1,1,-1,0
иметь,2,2,0,0,-1,0,0
мобилизовать,1,5,-4,-1,-1,0,0
смотреть,4,8,-4,-1,-1,0,0
иметь,1,8,-7,-1,-1,0,0
выдвинуть,2,3,-1,-1,-1,0,0
принести,2,2,0,0,1,-1,0
поднять,5,2,-3,-1,1,0,0
сажать,8,2,-6,-1,1,0,0
принимать,2,2,0,0,-1,0,0
прописывать,1,3,-2,-1,-1,0,0
причислять,1,5,-4,-1,-1,-1,0
подминать,5,2,-3,-1,1,-1,0
канализировать,2,3,-1,-1,-1,0,0
присуждать,2,5,-3,-1,-1,0,0
найти,2,2,0,0,1,-1,0
набрать,1,9,-8,-1,-1,0,0
найти,1,5,-4,-1,-1,0,0
прекратить,2,2,0,0,-1,0,0
объединить,6,3,3,1,-1,0,0
выработать,3,14,-11,-1,-1,0,0
привлечь,5,2,-3,-1,1,-1,0
обыграть,8,3,-5,-1,1,0,0
вывести,8,2,-6,-1,1,0,0
декларировать,23,2,-21,-1,1,-1,0
возвысить,2,3,-1,-1,-1,0,0
донести,1,2,-1,-1,-1,-1,0
играть,5,3,-2,-1,1,0,0
знакомить,1,14,-13,-1,-1,-1,0
отбывать,1,2,-1,-1,-1,0,0
ставить,1,2,1,1,1,0,0
просить,1,2,1,1,1,-1,0
поймать,1,21,-20,-1,-1,-1,0
расставить,2,5,-3,-1,-1,0,0
снимать,1,3,-2,-1,-1,0,0
устроить,3,6,-3,-1,-1,0,0
укорять,1,3,-2,-1,-1,0,0
вовлечь,3,3,0,0,1,0,0
внести,2,3,-1,-1,-1,0,0
видеть,2,2,0,0,1,-1,0
держать,3,2,-1,-1,1,0,0
делать,1,2,-1,-1,-1,0,0
собирать,8,3,-5,-1,1,0,0
спасать,1,3,-2,-1,-1,0,0
требовать,18,3,-15,-1,1,0,0
отграничить,4,5,-1,-1,-1,0,0
откладывать,2,2,0,0,-1,0,0
иметь,2,2,0,0,1,0,0
готовить,2,6,-4,-1,-1,0,0
начать,2,3,-1,-1,-1,0,0
менять,2,5,-3,-1,-1,0,0
тратить,14,3,-11,-1,1,0,0
брать,11,2,-9,-1,1,-1,0
получить,2,7,-5,-1,-1,0,0
ощущать,2,9,-7,-1,-1,0,0
выяснять,1,6,-5,-1,-1,0,0
иметь,1,7,-6,-1,-1,0,0
проводить,1,4,-3,-1,-1,-1,0
проводить,2,2,0,0,1,0,0
вынести,2,2,0,0,-1,0,0
использовать,1,8,-7,-1,-1,-1,0
брать,3,2,-1,-1,1,-1,0
обрекать,1,4,-3,-1,-1,-1,0
предлагать,31,2,-29,-1,1,0,0
передать,3,4,1,1,1,0,0
трансформировать,1,3,-2,-1,-1,-1,0
предлагать,2,2,0,0,1,0,0
вести,3,2,-1,-1,1,-1,0
отправлять,1,2,-1,-1,-1,0,0
признать,5,7,2,1,1,0,0
признавать,1,2,1,1,1,-1,0
привести,2,2,0,0,1,0,0
иметь,2,3,-1,-1,-1,0,0
вместить,28,2,-26,-1,1,-1,0
повысить,2,3,1,1,1,0,0
вернуть,2,8,-6,-1,-1,0,0
запустить,6,9,3,1,1,0,0
повысить,4,4,0,0,-1,0,0
купить,3,3,0,0,1,0,0
доносить,11,2,-9,-1,1,0,0
строить,1,3,-2,-1,-1,-1,0
иметь,3,3,0,0,-1,0,0
искать,1,13,-12,-1,-1,0,0
ставить,5,3,-2,-1,1,0,0
составить,1,10,-9,-1,-1,-1,0
включать,3,2,-1,-1,1,-1,0
представить,1,9,-8,-1,-1,-1,0
добавить,2,4,2,1,1,0,0
нести,4,2,-2,-1,1,-1,0
пробудить,9,2,-7,-1,1,0,0
изучать,2,5,-3,-1,-1,0,0
подготовить,2,6,-4,-1,-1,0,0
совершать,1,3,-2,-1,-1,0,0
открыть,7,2,-5,-1,1,-1,0
отвести,3,2,-1,-1,1,0,0
отдавать,7,2,-5,-1,1,0,0
признавать,4,3,1,1,-1,0,0
поднимать,2,9,-7,-1,-1,1,0
ставить,7,2,-5,-1,1,0,0
перекладывать,1,2,-1,-1,-1,0,0
сеять,1,2,-1,-1,-1,0,0
ввести,1,2,-1,-1,-1,0,0
объяснять,2,4,-2,-1,-1,0,0
ставить,1,3,-2,-1,-1,0,0
запретить,2,2,0,0,1,0,0
воспитать,13,2,-11,-1,1,0,0
выбрать,4,3,-1,-1,1,0,0
выделять,4,3,1,1,-1,0,0
носить,1,2,-1,-1,-1,-1,0
облачить,1,3,-2,-1,-1,0,0
снять,7,2,-5,-1,1,-1,0
преследовать,14,3,-11,-1,1,0,0
отправлять,4,2,2,1,-1,0,0
освободить,3,2,1,1,-1,0,0
пробовать,1,12,-11,-1,-1,0,0
ставить,3,2,1,1,-1,0,0
прихватить,1,3,-2,-1,-1,1,0
привести,1,2,1,1,1,-1,0
купить,2,12,-10,-1,-1,0,0
делать,7,2,-5,-1,1,0,0
пережить,2,3,1,1,1,0,0
перепродать,3,2,1,1,-1,0,0
выложить,1,3,-2,-1,-1,-1,0
поместить,3,2,1,1,-1,0,0
вывести,4,5,-1,-1,-1,0,0
установить,1,2,1,1,1,-1,0
ассоциировать,1,6,-5,-1,-1,-1,0
кормить,2,5,3,1,1,0,0
устроить,2,5,-3,-1,-1,0,0
превратить,1,3,-2,-1,-1,0,0
менять,1,2,-1,-1,-1,0,0
отделять,4,6,-2,-1,-1,0,0
проецировать,3,2,1,1,-1,0,0
вносить,4,2,-2,-1,1,-1,0
осуществить,4,3,-1,-1,1,0,0
извлекать,3,4,1,1,1,0,0
проливать,2,5,-3,-1,-1,0,0
превращать,4,3,1,1,-1,0,0
писать,1,5,-4,-1,-1,-1,0
отграничивать,1,5,-4,-1,-1,-1,0
использовать,7,4,-3,-1,1,0,0
упорядочивать,16,5,11,1,-1,0,0
отделить,1,6,-5,-1,-1,0,0
отделить,1,2,-1,-1,-1,0,0
составить,5,2,-3,-1,1,-1,0
накладывать,2,15,-13,-1,-1,0,0
надевать,2,2,0,0,1,-1,0
переносить,1,9,-8,-1,-1,-1,0
избавлять,1,14,-13,-1,-1,-1,0
исполнять,2,2,0,0,-1,0,0
подготавливать,1,5,-4,-1,-1,-1,0
надеть,3,2,-1,-1,1,0,0
скрыть,2,5,-3,-1,-1,0,0
делать,1,7,-6,-1,-1,0,0
повредить,2,3,-1,-1,-1,0,0
отличать,1,2,-1,-1,-1,0,0
отследить,1,21,-20,-1,-1,-1,0
связать,1,17,-16,-1,-1,0,0
бросать,1,2,1,1,1,0,0
закрывать,1,7,-6,-1,-1,0,0
опубликовать,12,3,-9,-1,1,0,0
завести,1,2,-1,-1,-1,0,0
прятать,2,5,-3,-1,-1,0,0
снижать,4,2,-2,-1,1,-1,0
провести,12,2,-10,-1,1,0,0
объявить,3,2,-1,-1,1,0,0
убедить,1,3,-2,-1,-1,0,0
тратить,1,9,-8,-1,-1,1,0
отличить,2,2,0,0,-1,0,0
убеждать,1,11,-10,-1,-1,0,0
искать,6,2,-4,-1,1,-1,0
заключать,11,2,-9,-1,1,-1,0
вносить,1,5,-4,-1,-1,0,0
связывать,2,5,-3,-1,-1,0,0
разделить,1,4,-3,-1,-1,0,0
подсмотреть,1,3,-2,-1,-1,-1,0
вывести,1,6,-5,-1,-1,-1,0
ставить,10,2,-8,-1,1,0,0
найти,3,2,-1,-1,1,-1,0
превращать,1,2,-1,-1,-1,0,0
завести,3,2,1,1,-1,0,0
отклонить,1,2,1,1,1,0,0
находить,1,5,-4,-1,-1,0,0
описывать,3,5,-2,-1,-1,0,0
ронять,2,5,-3,-1,-1,0,0
делать,4,6,-2,-1,-1,0,0
избавить,2,3,-1,-1,-1,0,0
отделить,1,2,-1,-1,-1,0,0
внести,1,6,-5,-1,-1,0,0
видеть,3,3,0,0,1,0,0
определить,2,6,-4,-1,-1,0,0
выстроить,3,5,2,1,1,0,0
включить,3,2,-1,-1,1,-1,0
обрекать,3,2,1,1,-1,0,0
отвлекать,8,2,-6,-1,1,-1,0
изменить,1,2,-1,-1,-1,0,0
избавить,1,3,-2,-1,-1,0,0
получать,8,2,-6,-1,1,0,0
ставить,2,6,-4,-1,-1,0,0
предлагать,4,2,-2,-1,1,-1,0
отличать,1,3,-2,-1,-1,-1,0
согласовывать,5,11,-6,-1,-1,0,0
ставить,3,17,-14,-1,-1,0,0
делать,1,2,1,1,1,-1,0
поддерживать,5,2,-3,-1,1,-1,0
вернуть,1,2,-1,-1,-1,0,0
донести,3,2,-1,-1,1,-1,0
сопровождать,1,3,-2,-1,-1,0,0
использовать,3,3,0,0,-1,0,0
относить,1,3,-2,-1,-1,-1,0
обеспечивать,2,5,-3,-1,-1,0,0
забирать,2,2,0,0,-1,0,0
учить,2,2,0,0,-1,0,0
брать,4,2,-2,-1,1,-1,0
проводить,2,2,0,0,-1,0,0
писать,1,4,-3,-1,-1,0,0
иметь,11,2,-9,-1,1,-1,0
сдать,6,3,-3,-1,1,0,0
иметь,6,2,-4,-1,1,0,0
совместить,3,3,0,0,-1,0,0
пригреть,10,2,-8,-1,1,-1,0
брать,11,4,-7,-1,1,0,0
вовлекать,2,3,1,1,1,0,0
перекинуть,1,6,-5,-1,-1,0,0
снимать,1,2,-1,-1,-1,0,0
встроить,1,4,-3,-1,-1,-1,0
реабилитировать,1,3,-2,-1,-1,0,0
иметь,1,7,-6,-1,-1,0,0
иметь,10,2,-8,-1,1,-1,0
опускать,1,2,1,1,1,0,0
побудить,1,2,1,1,1,-1,0
извлекать,2,12,-10,-1,-1,0,0
иметь,1,8,-7,-1,-1,0,0
свести,1,13,-12,-1,-1,-1,0
защищать,3,10,-7,-1,-1,1,0
извлечь,2,3,-1,-1,-1,0,0
прятать,1,2,-1,-1,-1,-1,0
возглавить,5,3,-2,-1,1,0,0
узнать,1,3,-2,-1,-1,-1,0
вызвать,2,6,-4,-1,-1,0,0
ввести,3,4,1,1,1,0,0
довести,1,2,-1,-1,-1,0,0
обрекать,1,3,-2,-1,-1,-1,0
привести,1,3,-2,-1,-1,-1,0
вести,2,3,-1,-1,-1,0,0
описать,2,3,-1,-1,-1,0,0
сровнять,2,2,0,0,-1,0,0
принять,1,2,-1,-1,-1,-1,0
ставить,1,2,-1,-1,-1,-1,0
выяснять,2,4,2,1,1,0,0
подмешивать,11,2,-9,-1,1,0,0
обнаруживать,1,2,-1,-1,-1,0,0
привлечь,1,3,-2,-1,-1,0,0
опробовать,2,2,0,0,-1,1,0
ввести,3,2,-1,-1,1,-1,0
продвигать,1,2,-1,-1,-1,0,0
вести,1,3,-2,-1,-1,0,0
привлекать,3,2,-1,-1,1,0,0
сформировать,8,3,-5,-1,1,0,0
обнаружить,7,6,-1,-1,1,0,0
поглощать,5,3,2,1,-1,0,0
выделить,4,3,-1,-1,1,0,0
привлечь,2,2,0,0,1,-1,0
вживить,5,6,1,1,1,0,0
подсоединить,2,2,0,0,-1,0,0
вживить,10,3,-7,-1,1,0,0
напускать,2,3,-1,-1,-1,0,0
оставить,1,2,-1,-1,-1,0,0
изменять,2,6,-4,-1,-1,0,0
менять,3,6,-3,-1,-1,0,0
поджидать,1,2,-1,-1,-1,0,0
вызывать,2,4,-2,-1,-1,0,0
откладывать,1,4,-3,-1,-1,0,0
откладывать,1,6,-5,-1,-1,0,0
выделить,1,5,-4,-1,-1,-1,0
чистить,1,3,-2,-1,-1,0,0
отучать,1,2,-1,-1,-1,0,0
откладывать,1,3,-2,-1,-1,0,0
создавать,2,3,-1,-1,-1,0,0
вызывать,1,4,-3,-1,-1,0,0
проводить,2,15,-13,-1,-1,0,0
упростить,6,5,-1,-1,1,0,0
совершить,2,2,0,0,-1,0,0
прислать,1,2,1,1,1,0,0
звать,2,2,0,0,1,-1,0
ставить,1,6,-5,-1,-1,0,0
носить,1,2,1,1,1,0,0
обвинять,3,5,-2,-1,-1,0,0
консультировать,1,3,-2,-1,-1,0,0
поддержать,3,5,-2,-1,-1,0,0
делать,1,4,-3,-1,-1,0,0
сводить,1,2,-1,-1,-1,0,0
демонстрировать,1,3,-2,-1,-1,-1,0
надевать,1,4,-3,-1,-1,0,0
консультировать,1,7,-6,-1,-1,0,0
ставить,9,3,-6,-1,1,0,0
содержать,3,2,-1,-1,1,-1,0
иметь,1,17,-16,-1,-1,0,0
убедить,1,7,-6,-1,-1,0,0
смотреть,1,2,1,1,1,0,0
призвать,2,2,0,0,-1,0,0
ставить,1,4,-3,-1,-1,-1,0
привлечь,2,2,0,0,1,-1,0
подтолкнуть,3,2,-1,-1,1,0,0
таскать,1,2,-1,-1,-1,0,0
держать,1,3,-2,-1,-1,-1,0
отпускать,1,2,-1,-1,-1,0,0
проливать,1,10,-9,-1,-1,1,0
проливать,1,3,-2,-1,-1,0,0
тратить,3,2,1,1,-1,0,0
сваливать,4,2,2,1,-1,0,0
брать,1,2,1,1,1,0,0
играть,2,2,0,0,1,-1,0
определять,2,22,-20,-1,-1,1,0
спасти,1,3,-2,-1,-1,0,0
преобразить,2,5,-3,-1,-1,0,0
задействовать,7,2,-5,-1,1,-1,0
вызвать,1,11,-10,-1,-1,0,0
захватить,1,2,-1,-1,-1,0,0
сжимать,3,3,0,0,1,0,0
ставить,2,3,-1,-1,-1,0,0
изолировать,2,5,-3,-1,-1,0,0
прижать,1,2,-1,-1,-1,-1,0
приводить,1,4,-3,-1,-1,0,0
захватить,1,4,-3,-1,-1,-1,0
гасить,2,2,0,0,1,-1,0
вселять,2,2,0,0,1,0,0
организовывать,8,9,-1,-1,-1,0,0
откапывать,1,3,-2,-1,-1,0,0
вести,1,4,-3,-1,-1,0,0
начать,1,7,-6,-1,-1,0,0
отвлечь,2,2,0,0,-1,0,0
создавать,8,2,-6,-1,1,-1,0
наносить,2,3,1,1,1,0,0
превосходить,1,5,-4,-1,-1,0,0
эвакуировать,3,2,-1,-1,1,0,0
срезать,2,3,-1,-1,-1,0,0
производить,2,3,-1,-1,-1,0,0
доносить,3,3,0,0,1,0,0
держать,1,2,-1,-1,-1,0,0
отдать,1,7,-6,-1,-1,0,0
скрыть,4,2,-2,-1,1,0,0
превращать,1,3,-2,-1,-1,-1,0
менять,1,2,1,1,1,0,0
претерпевать,2,2,0,0,1,0,0
вызывать,14,2,-12,-1,1,0,0
изменить,2,9,-7,-1,-1,0,0
подразделять,1,4,-3,-1,-1,0,0
установить,3,2,-1,-1,1,-1,0
выводить,2,3,-1,-1,-1,0,0
терять,1,2,1,1,1,0,0
навести,2,14,-12,-1,-1,0,0
применить,1,3,-2,-1,-1,-1,0
избавлять,1,5,-4,-1,-1,0,0
внедрить,2,5,-3,-1,-1,0,0
навести,1,5,-4,-1,-1,-1,0
провертывать,3,6,-3,-1,-1,0,0
казнить,2,7,-5,-1,-1,1,0
привязывать,1,2,-1,-1,-1,0,0
исчерпать,3,2,1,1,-1,0,0
ставить,1,6,-5,-1,-1,-1,0
обеспечивать,2,5,-3,-1,-1,0,0
осуществлять,1,8,-7,-1,-1,0,0
возложить,11,5,6,1,-1,0,0
превращать,1,3,-2,-1,-1,0,0
продвигать,4,19,-15,-1,-1,0,0
принять,10,3,-7,-1,1,0,0
ставить,4,2,2,1,-1,0,0
преподавать,1,2,1,1,1,0,0
спрашивать,1,2,-1,-1,-1,0,0
обогнать,1,3,-2,-1,-1,-1,0
затащить,1,2,-1,-1,-1,-1,0
изымать,1,2,-1,-1,-1,0,0
пересаживать,2,2,0,0,-1,0,0
изымать,1,3,-2,-1,-1,0,0
заставлять,1,3,-2,-1,-1,0,0
использовать,2,2,0,0,-1,0,0
искоренить,1,4,-3,-1,-1,0,0
вкладывать,2,2,0,0,1,0,0
получать,1,4,-3,-1,-1,0,0
делать,1,3,-2,-1,-1,0,0
находить,12,2,-10,-1,1,-1,0
изменить,1,2,-1,-1,-1,0,0
держать,1,2,-1,-1,-1,0,0
сменить,1,3,-2,-1,-1,0,0
ставить,1,4,-3,-1,-1,-1,0
сажать,2,3,1,1,1,0,0
запустить,3,2,-1,-1,1,0,0
выбрать,1,2,-1,-1,-1,0,0
привлечь,1,2,-1,-1,-1,0,0
приметить,1,3,-2,-1,-1,0,0
наследовать,1,2,-1,-1,-1,0,0
вкачивать,4,2,-2,-1,1,0,0
вносить,2,2,0,0,-1,1,0
соединить,11,22,-11,-1,-1,0,0
иметь,16,2,-14,-1,1,0,0
вкладывать,3,3,0,0,1,0,0
упаковать,4,5,-1,-1,-1,0,0
излечить,1,8,-7,-1,-1,0,0
искать,4,8,-4,-1,-1,0,0
писать,5,4,-1,-1,1,0,0
получить,2,4,-2,-1,-1,0,0
найти,3,4,-1,-1,-1,0,0
ввести,4,3,-1,-1,1,0,0
сохранять,1,2,1,1,1,-1,0
видеть,4,4,0,0,1,0,0
восстановить,4,2,-2,-1,1,0,0
вести,1,2,-1,-1,-1,-1,0
выражать,1,2,-1,-1,-1,-1,0
содержать,1,3,-2,-1,-1,1,0
обыгрывать,2,2,0,0,-1,0,0
превосходить,2,4,-2,-1,-1,0,0
взыскивать,1,4,-3,-1,-1,0,0
перевести,4,3,1,1,-1,0,0
ввести,2,3,-1,-1,-1,0,0
видеть,4,2,-2,-1,1,-1,0
привести,1,16,-15,-1,-1,0,0
перенести,6,3,3,1,-1,0,0
породить,2,6,-4,-1,-1,0,0
двигать,1,9,-8,-1,-1,0,0
брать,1,2,-1,-1,-1,-1,0
реализовать,5,5,0,0,-1,0,0
получать,2,7,-5,-1,-1,0,0
носить,2,6,-4,-1,-1,0,0
освобождать,1,2,-1,-1,-1,0,0
выделять,2,2,0,0,1,0,0
слать,5,2,-3,-1,1,0,0
переносить,1,3,-2,-1,-1,0,0
добывать,1,2,-1,-1,-1,0,0
брать,1,5,-4,-1,-1,-1,0
тащить,1,2,1,1,1,0,0
описывать,2,2,0,0,-1,-1,0
видеть,1,3,-2,-1,-1,0,0
очищать,1,4,-3,-1,-1,0,0
везти,6,2,-4,-1,1,0,0
вываривать,1,2,-1,-1,-1,0,0
вспоминать,2,5,-3,-1,-1,0,0
превратить,4,3,1,1,-1,0,0
встретить,3,6,-3,-1,-1,0,0
обретать,2,2,0,0,1,0,0
ограждать,1,6,-5,-1,-1,0,0
проводить,3,2,-1,-1,1,0,0
привести,4,11,-7,-1,-1,0,0
привлечь,3,3,0,0,1,0,0
защищать,2,3,1,1,1,0,0
причислить,2,4,-2,-1,-1,-1,0
примерять,3,2,-1,-1,1,-1,0
брать,1,2,-1,-1,-1,-1,0
привлекать,2,3,-1,-1,-1,0,0
устроить,1,2,-1,-1,-1,-1,0
заполнять,2,6,-4,-1,-1,0,0
чувствовать,1,2,-1,-1,-1,0,0
закладывать,3,2,-1,-1,1,0,0
открыть,3,2,-1,-1,1,-1,0
обратить,1,2,-1,-1,-1,-1,0
поманить,1,2,-1,-1,-1,-1,0
заверить,1,15,-14,-1,-1,0,0
отправить,8,19,-11,-1,-1,1,0
ставить,1,2,1,1,1,0,0
задержать,1,2,-1,-1,-1,0,0
убрать,1,2,-1,-1,-1,-1,0
везти,2,2,0,0,1,-1,0
ощущать,1,2,-1,-1,-1,-1,0
брать,2,2,0,0,1,-1,0
доставить,1,3,-2,-1,-1,0,0
отработать,2,3,-1,-1,-1,0,0
получить,2,2,0,0,1,0,0
продолжить,1,4,-3,-1,-1,0,0
заметить,1,3,-2,-1,-1,-1,0
ставить,5,2,-3,-1,1,0,0
пускать,1,2,-1,-1,-1,0,0
выводить,1,3,-2,-1,-1,0,0
разворачивать,1,3,-2,-1,-1,0,0
схватить,1,2,-1,-1,-1,-1,0
получить,5,3,2,1,-1,0,0
провести,2,6,-4,-1,-1,0,0
использовать,1,3,-2,-1,-1,-1,0
перейти,2,3,-1,-1,-1,0,0
подбить,5,2,3,1,-1,0,0
защищать,2,3,-1,-1,-1,0,0
увезти,1,2,1,1,1,0,0
перебазировать,1,7,-6,-1,-1,0,0
зачислить,1,9,-8,-1,-1,-1,0
заводить,1,2,1,1,1,-1,0
заменить,1,5,-4,-1,-1,-1,0
направить,1,3,-2,-1,-1,-1,0
снимать,2,9,-7,-1,-1,1,0
получить,28,5,-23,-1,1,0,0
передать,4,8,-4,-1,-1,0,0
приютить,1,4,-3,-1,-1,-1,0
выбрасывать,1,2,-1,-1,-1,0,0
заносить,1,3,-2,-1,-1,0,0
переменить,4,2,2,1,-1,0,0
собирать,3,2,-1,-1,1,0,0
менять,1,8,-7,-1,-1,0,0
отбирать,2,5,-3,-1,-1,0,0
встретить,13,2,-11,-1,1,0,0
занимать,3,4,-1,-1,-1,0,0
просить,1,2,-1,-1,-1,0,0
выдернуть,1,2,-1,-1,-1,-1,0
видеть,2,3,1,1,1,0,0
заметить,1,3,-2,-1,-1,0,0
предохранять,1,13,-12,-1,-1,0,0
выкатить,1,3,2,1,1,0,0
проверять,1,11,-10,-1,-1,0,0
освободить,2,7,-5,-1,-1,0,0
сопровождать,1,2,-1,-1,-1,-1,0
уложить,1,2,-1,-1,-1,0,0
погрузить,1,3,-2,-1,-1,0,0
держать,3,2,-1,-1,1,0,0
влечь,6,2,-4,-1,1,-1,0
нести,2,2,0,0,1,-1,0
привести,1,10,-9,-1,-1,-1,0
обнаружить,1,2,1,1,1,0,0
слышать,5,3,-2,-1,1,0,0
держать,2,2,0,0,1,0,0
получить,6,3,3,1,-1,0,0
снимать,6,2,-4,-1,1,-1,0
разбить,8,2,-6,-1,1,-1,0
отличить,1,3,-2,-1,-1,-1,0
доказать,3,11,-8,-1,-1,0,0
терять,2,2,0,0,-1,0,0
переносить,5,2,-3,-1,1,-1,0
снизить,2,3,-1,-1,-1,0,0
подводить,2,5,-3,-1,-1,0,0
обнаружить,6,2,-4,-1,1,0,0
проводить,1,7,-6,-1,-1,0,0
перерабатывать,12,13,-1,-1,-1,0,0
раздвигать,2,13,-11,-1,-1,0,0
объединять,27,6,-21,-1,1,0,0
инвестировать,3,3,0,0,-1,0,0
увеличить,1,5,-4,-1,-1,0,0
соединить,2,12,-10,-1,-1,0,0
сращивать,2,8,-6,-1,-1,0,0
распространять,1,3,-2,-1,-1,-1,0
поднимать,20,3,-17,-1,1,0,0
объединять,15,5,-10,-1,1,0,0
превратить,2,11,-9,-1,-1,0,0
преодолеть,7,8,-1,-1,-1,0,0
тратить,2,10,-8,-1,-1,0,0
привлечь,3,7,-4,-1,-1,0,0
превращать,1,13,-12,-1,-1,0,0
проявлять,1,8,-7,-1,-1,-1,0
превратить,2,3,-1,-1,-1,0,0
порождать,3,3,0,0,-1,0,0
возвращать,2,4,-2,-1,-1,0,0
продавать,5,4,1,1,-1,0,0
возвращать,3,2,-1,-1,1,0,0
отличать,1,12,-11,-1,-1,-1,0
отвоевывать,2,25,-23,-1,-1,0,0
сближать,2,3,-1,-1,-1,0,0
выделять,1,5,-4,-1,-1,0,0
развить,3,2,1,1,-1,0,0
пережить,6,5,-1,-1,1,0,0
трансформировать,2,2,0,0,-1,0,0
наводить,1,3,-2,-1,-1,-1,0
иметь,4,3,-1,-1,1,0,0
сближать,3,2,-1,-1,1,-1,0
ставить,3,2,-1,-1,1,0,0
принять,1,2,-1,-1,-1,-1,0
обвинить,6,4,-2,-1,1,0,0
иметь,13,2,-11,-1,1,-1,0
признавать,20,2,-18,-1,1,0,0
сооружать,2,2,0,0,1,-1,0
собрать,7,2,-5,-1,1,0,0
платить,1,3,-2,-1,-1,0,0
брать,1,14,-13,-1,-1,0,0
запирать,1,5,-4,-1,-1,0,0
информировать,1,22,-21,-1,-1,1,0
отнимать,1,17,-16,-1,-1,0,0
вернуть,1,3,-2,-1,-1,0,0
связывать,2,2,0,0,-1,1,0
вести,1,4,-3,-1,-1,-1,0
конфисковывать,1,3,-2,-1,-1,0,0
подготовить,2,2,0,0,1,-1,0
волновать,1,4,-3,-1,-1,0,0
заключать,1,2,-1,-1,-1,0,0
отметить,6,8,-2,-1,-1,0,0
держать,1,4,-3,-1,-1,-1,0
предлагать,1,4,-3,-1,-1,0,0
перенаправлять,2,3,-1,-1,-1,0,0
доставать,1,2,-1,-1,-1,0,0
контролировать,1,3,-2,-1,-1,0,0
извлечь,2,4,-2,-1,-1,0,0
делать,3,5,-2,-1,-1,-1,0
перекупать,1,3,-2,-1,-1,0,0
приобретать,2,3,-1,-1,-1,0,0
распродавать,2,4,-2,-1,-1,0,0
накидывать,1,2,-1,-1,-1,0,0
кредитовать,5,3,2,1,-1,0,0
защитить,1,6,-5,-1,-1,0,0
вложить,2,4,-2,-1,-1,0,0
использовать,1,4,-3,-1,-1,0,0
ввергать,1,2,-1,-1,-1,0,0
заключить,4,2,-2,-1,1,0,0
приобретать,1,2,-1,-1,-1,0,0
брать,3,3,0,0,-1,0,0
сохранить,1,5,-4,-1,-1,0,0
инвестировать,1,7,-6,-1,-1,0,0
вложить,2,3,-1,-1,-1,0,0
давать,8,2,-6,-1,1,-1,0
получить,24,6,-18,-1,1,0,0
преобразовывать,1,3,-2,-1,-1,0,0
изображать,1,4,-3,-1,-1,-1,0
представить,2,18,-16,-1,-1,0,0
использовать,2,3,-1,-1,-1,0,0
вкладывать,1,11,-10,-1,-1,0,0
напоминать,1,6,-5,-1,-1,0,0
вызвать,2,2,0,0,1,0,0
отделять,2,2,0,0,-1,0,0
получить,2,2,0,0,1,-1,0
стимулировать,1,5,-4,-1,-1,0,0
переносить,3,2,1,1,-1,0,0
знакомить,2,7,-5,-1,-1,0,0
иметь,3,6,-3,-1,-1,0,0
отделять,2,3,-1,-1,-1,0,0
получать,1,3,-2,-1,-1,0,0
мобилизовать,1,3,-2,-1,-1,0,0
делать,2,3,-1,-1,-1,-1,0
провести,3,3,0,0,1,0,0
догнать,1,10,-9,-1,-1,0,0
оштрафовывать,1,4,-3,-1,-1,0,0
отдать,3,3,0,0,-1,0,0
подталкивать,1,4,-3,-1,-1,0,0
причислять,1,10,-9,-1,-1,-1,0
швырнуть,2,2,0,0,-1,0,0
раздавать,1,2,-1,-1,-1,-1,0
вести,2,2,0,0,1,-1,0
сдать,4,2,-2,-1,1,0,0
проводить,1,2,-1,-1,-1,0,0
брать,1,2,-1,-1,-1,0,0
подписывать,2,2,0,0,1,-1,0
просить,1,2,-1,-1,-1,0,0
вылечить,1,6,-5,-1,-1,0,0
выдавить,1,2,-1,-1,-1,-1,0
приводить,1,4,-3,-1,-1,0,0
забросить,5,2,3,1,-1,-1,0
закончить,1,13,-12,-1,-1,-1,0
разрезать,1,2,-1,-1,-1,-1,0
найти,1,3,-2,-1,-1,0,0
чистить,1,3,-2,-1,-1,0,0
готовить,1,5,-4,-1,-1,0,0
доставить,3,5,-2,-1,-1,0,0
втянуть,14,3,-11,-1,1,1,0
видеть,1,3,-2,-1,-1,-1,0
знакомить,1,7,-6,-1,-1,-1,0
стрелять,1,2,1,1,1,0,0
встретить,1,4,-3,-1,-1,-1,0
пригласить,1,3,-2,-1,-1,-1,0
стрелять,1,2,-1,-1,-1,0,0
просить,1,2,-1,-1,-1,0,0
видеть,5,2,-3,-1,1,0,0
прожить,2,4,-2,-1,-1,0,0
знать,1,3,-2,-1,-1,0,0
брать,1,5,-4,-1,-1,-1,0
накладывать,1,2,-1,-1,-1,0,0
есть,6,3,3,1,-1,0,0
видеть,7,3,-4,-1,1,0,0
зачитывать,2,2,0,0,1,0,0
перерисовывать,3,3,0,0,-1,0,0
сбивать,1,2,1,1,1,0,0
нахлобучить,1,3,2,1,1,0,0
поснимать,8,3,-5,-1,1,0,0
подложить,1,3,-2,-1,-1,0,0
собирать,1,5,-4,-1,-1,0,0
держать,3,2,-1,-1,1,0,0
бросить,2,6,4,1,1,0,0
найти,4,2,-2,-1,1,0,0
предупреждать,2,3,1,1,1,0,0
уберечь,1,4,-3,-1,-1,-1,0
вызывать,9,2,-7,-1,1,-1,0
подвести,1,2,-1,-1,-1,-1,0
сбрасывать,1,2,-1,-1,-1,0,0
посещать,1,3,-2,-1,-1,0,0
ставить,1,5,-4,-1,-1,0,0
играть,3,4,-1,-1,-1,0,0
собирать,2,3,1,1,1,0,0
выгонять,1,2,-1,-1,-1,-1,0
вести,1,3,-2,-1,-1,0,0
выкатить,1,3,-2,-1,-1,0,0
готовить,1,2,1,1,1,0,0
разлить,2,2,0,0,1,0,0
засечь,7,2,-5,-1,1,0,0
расчесть,3,6,-3,-1,-1,0,0
сбросить,3,2,-1,-1,1,-1,0
догнать,1,3,-2,-1,-1,0,0
задерживать,1,3,-2,-1,-1,-1,0
брать,1,2,-1,-1,-1,1,0
организовывать,1,2,-1,-1,-1,0,0
выписывать,6,2,-4,-1,1,0,0
найти,3,2,1,1,-1,0,0
переправить,2,2,0,0,-1,0,0
продолжать,3,2,-1,-1,1,0,0
брать,13,2,-11,-1,1,-1,0
разворотить,1,5,-4,-1,-1,-1,0
читать,8,3,-5,-1,1,0,0
поддерживать,1,8,-7,-1,-1,-1,0
брать,3,2,-1,-1,1,-1,0
вывести,1,3,-2,-1,-1,0,0
ремонтировать,2,3,-1,-1,-1,0,0
отодвинуть,7,2,-5,-1,1,0,0
провести,1,3,-2,-1,-1,-1,0
устроить,2,14,-12,-1,-1,0,0
описать,1,3,-2,-1,-1,-1,0
закончить,6,3,3,1,-1,0,0
привозить,4,2,-2,-1,1,0,0
вести,2,4,2,1,1,0,0
класть,1,5,-4,-1,-1,0,0
иметь,2,2,0,0,1,0,0
заменить,2,3,-1,-1,-1,0,0
выбить,2,2,0,0,1,-1,0
видеть,14,2,-12,-1,1,0,0
сохранять,1,15,-14,-1,-1,0,0
швырнуть,1,4,-3,-1,-1,0,0
произвести,2,2,0,0,1,-1,0
платить,1,2,1,1,1,0,0
пустить,1,2,-1,-1,-1,0,0
брать,1,2,-1,-1,-1,0,0
доставить,1,3,-2,-1,-1,-1,0
приложить,3,2,1,1,-1,0,0
нести,8,2,-6,-1,1,0,0
произвести,12,2,-10,-1,1,-1,0
получить,5,4,1,1,-1,0,0
встретить,2,18,-16,-1,-1,0,0
сохранять,2,5,-3,-1,-1,0,0
переносить,3,2,-1,-1,1,-1,0
вести,1,4,-3,-1,-1,-1,0
признавать,3,2,-1,-1,1,0,0
ставить,1,3,2,1,1,0,0
занимать,1,2,1,1,1,0,0
защищать,8,3,-5,-1,1,0,0
вставить,3,4,-1,-1,-1,0,0
брать,4,2,-2,-1,1,-1,0
требовать,6,5,-1,-1,1,0,0
обменять,1,9,-8,-1,-1,-1,0
делать,2,4,-2,-1,-1,-1,0
подписать,1,5,-4,-1,-1,0,0
вкладывать,1,2,-1,-1,-1,0,0
вынести,3,10,-7,-1,-1,0,0
ставить,3,2,1,1,-1,0,0
обвинить,7,9,-2,-1,-1,0,0
возложить,1,18,-17,-1,-1,0,0
внести,6,4,-2,-1,1,0,0
снимать,2,2,0,0,-1,0,0
расстрелять,2,4,-2,-1,-1,0,0
обжаловать,2,3,-1,-1,-1,0,0
переводить,1,2,-1,-1,-1,0,0
использовать,4,2,-2,-1,1,0,0
доставить,2,5,-3,-1,-1,0,0
защищать,2,2,0,0,1,0,0
прировнять,4,4,0,0,-1,0,0
пополнить,1,4,-3,-1,-1,0,0
ожидать,2,20,-18,-1,-1,0,0
предоставлять,4,3,-1,-1,1,0,0
оставлять,1,3,-2,-1,-1,0,0
вводить,2,2,0,0,1,0,0
отвоевать,1,2,-1,-1,-1,0,0
навести,2,26,-24,-1,-1,0,0
обвинить,1,5,-4,-1,-1,0,0
сдать,1,2,-1,-1,-1,0,0
оценить,1,3,-2,-1,-1,0,0
определять,5,4,1,1,-1,0,0
получить,5,3,-2,-1,1,0,0
перегнать,1,4,-3,-1,-1,0,0
снимать,1,7,-6,-1,-1,0,0
проходить,1,3,-2,-1,-1,0,0
получить,4,8,-4,-1,-1,0,0
улучшать,4,14,-10,-1,-1,0,0
проводить,9,2,-7,-1,1,0,0
представить,5,5,0,0,1,0,0
иметь,3,3,0,0,1,0,0
бросить,4,6,-2,-1,-1,0,0
ставить,1,10,-9,-1,-1,0,0
осуществлять,3,4,-1,-1,-1,0,0
напоминать,2,3,1,1,1,0,0
характеризовать,1,3,-2,-1,-1,-1,0
открыть,1,2,-1,-1,-1,0,0
оправдать,1,26,-25,-1,-1,0,0
огласить,7,2,-5,-1,1,0,0
отдать,2,6,-4,-1,-1,0,0
включить,18,6,-12,-1,1,0,0
превышать,6,3,3,1,-1,0,0
превышать,7,3,4,1,-1,0,0
ввести,3,4,-1,-1,-1,0,0
заменить,4,2,2,1,-1,0,0
завершить,2,3,-1,-1,-1,0,0
найти,1,4,-3,-1,-1,0,0
превратить,1,4,-3,-1,-1,0,0
приобрести,2,9,-7,-1,-1,1,0
оставлять,7,2,-5,-1,1,-1,0
совершить,4,3,-1,-1,1,0,0
послать,5,8,-3,-1,-1,0,0
сменить,1,6,-5,-1,-1,0,0
сформировать,2,2,0,0,-1,0,0
зажать,3,2,-1,-1,1,0,0
вывести,2,3,-1,-1,-1,0,0
ввести,6,2,-4,-1,1,0,0
победить,2,6,-4,-1,-1,0,0
проходить,1,6,-5,-1,-1,0,0
нанести,10,2,-8,-1,1,0,0
отменить,12,2,-10,-1,1,0,0
сократить,2,6,-4,-1,-1,0,0
снизить,1,9,-8,-1,-1,0,0
информировать,3,34,-31,-1,-1,0,0
снизить,4,4,0,0,-1,0,0
сократить,4,7,-3,-1,-1,0,0
принять,14,16,-2,-1,-1,0,0
сократить,3,4,1,1,1,0,0
искать,1,3,-2,-1,-1,0,0
отстаивать,9,3,6,1,-1,0,0
найти,1,3,-2,-1,-1,0,0
оставить,3,2,-1,-1,1,0,0
брать,3,2,-1,-1,1,-1,0
освободить,2,2,0,0,1,-1,0
принять,46,2,-44,-1,1,0,0
вызвать,3,3,0,0,1,0,0
возлагать,1,2,-1,-1,-1,0,0
поприветствовать,2,3,-1,-1,-1,0,0
вывести,2,4,-2,-1,-1,0,0
подписать,10,2,-8,-1,1,0,0
заставлять,4,3,1,1,-1,0,0
запретить,7,3,4,1,-1,0,0
подписать,15,2,-13,-1,1,0,0
убрать,1,2,-1,-1,-1,0,0
опознать,1,9,-8,-1,-1,-1,0
поздравить,7,2,-5,-1,1,0,0
получить,2,5,-3,-1,-1,0,0
загадать,1,3,2,1,1,0,0
поздравить,2,4,-2,-1,-1,0,0
передать,5,3,-2,-1,1,0,0
вывести,8,2,-6,-1,1,0,0
встретить,3,16,-13,-1,-1,0,0
удерживать,2,5,-3,-1,-1,0,0
ставить,1,4,-3,-1,-1,-1,0
отличать,3,2,1,1,-1,0,0
получить,2,16,-14,-1,-1,0,0
забить,4,2,-2,-1,1,0,0
получить,4,4,0,0,1,0,0
оставлять,1,12,-11,-1,-1,0,0
выиграть,2,3,-1,-1,-1,0,0
брать,7,2,-5,-1,1,-1,0
исследовать,6,2,-4,-1,1,0,0
проводить,1,14,-13,-1,-1,0,0
предупредить,2,19,-17,-1,-1,0,0
отстаивать,2,10,-8,-1,-1,0,0
включать,6,2,-4,-1,1,-1,0
наводнить,1,4,-3,-1,-1,0,0
оставить,4,2,-2,-1,1,0,0
брать,3,2,-1,-1,1,-1,0
ознакомить,6,13,-7,-1,-1,0,0
провести,3,3,0,0,-1,0,0
направить,14,2,-12,-1,1,0,0
освободить,7,2,5,1,-1,0,0
освободить,1,2,-1,-1,-1,0,0
отложить,6,10,-4,-1,-1,0,0
освободить,1,2,-1,-1,-1,0,0
информировать,1,13,-12,-1,-1,0,0
вызывать,1,13,-12,-1,-1,0,0
использовать,7,6,1,1,-1,0,0
делать,3,4,-1,-1,-1,0,0
провести,8,5,-3,-1,1,0,0
посетить,1,4,3,1,1,0,0
провести,19,2,-17,-1,1,0,0
информировать,1,19,-18,-1,-1,0,0
посетить,1,3,-2,-1,-1,0,0
обсудить,20,4,-16,-1,1,0,0
внести,6,4,-2,-1,1,0,0
начинать,1,6,-5,-1,-1,0,0
включить,7,2,-5,-1,1,-1,0
выполнять,1,2,-1,-1,-1,0,0
устроить,1,7,-6,-1,-1,0,0
задержать,18,3,-15,-1,1,0,0
увезти,1,3,-2,-1,-1,0,0
поддерживать,3,2,-1,-1,1,0,0
перейти,1,9,-8,-1,-1,0,0
отнять,2,2,0,0,1,-1,0
призывать,1,2,-1,-1,-1,0,0
предпринимать,2,16,-14,-1,-1,0,0
осуществлять,2,10,-8,-1,-1,0,0
пустить,4,2,-2,-1,1,0,0
вызвать,1,5,-4,-1,-1,0,0
начать,5,4,1,1,-1,0,0
бросить,6,2,-4,-1,1,0,0
получить,6,2,-4,-1,1,0,0
переправить,1,2,-1,-1,-1,0,0
открыть,4,3,-1,-1,1,0,0
усилить,6,2,-4,-1,1,0,0
вручить,4,3,-1,-1,1,0,0
посетить,1,2,-1,-1,-1,0,0
просить,1,19,-18,-1,-1,0,0
снять,1,2,-1,-1,-1,0,0
опознавать,7,2,-5,-1,1,0,0
ставить,11,2,-9,-1,1,0,0
превышать,2,2,0,0,1,0,0
опубликовать,13,2,-11,-1,1,0,0
рассмотреть,9,6,3,1,-1,1,0
открыть,6,2,-4,-1,1,0,0
посетить,3,12,-9,-1,-1,0,0
начать,5,4,1,1,-1,0,0
грабить,1,2,-1,-1,-1,0,0
причислять,1,4,-3,-1,-1,-1,0
представлять,4,2,-2,-1,1,-1,0
выразить,2,16,-14,-1,-1,1,0
снять,1,5,4,1,1,0,0
предупредить,4,4,0,0,-1,0,0
возбудить,2,3,1,1,1,0,0
выплатить,2,2,0,0,-1,0,0
оставить,3,10,-7,-1,-1,1,0
поддержать,1,5,-4,-1,-1,0,0
сложить,2,2,0,0,1,-1,0
использовать,4,4,0,0,-1,0,0
получить,4,8,-4,-1,-1,0,0
доставить,3,2,1,1,-1,0,0
отправить,18,6,-12,-1,1,0,0
покинуть,2,4,-2,-1,-1,0,0
завершить,7,2,-5,-1,1,0,0
проводить,2,2,0,0,1,0,0
посетить,2,3,1,1,1,0,0
ввести,2,2,0,0,-1,0,0
начать,3,5,-2,-1,-1,0,0
наносить,1,9,-8,-1,-1,0,0
остановить,2,3,1,1,1,0,0
нести,1,3,-2,-1,-1,0,0
принять,2,3,-1,-1,-1,0,0
пустить,4,3,-1,-1,1,0,0
организовывать,4,5,-1,-1,-1,0,0
оценить,1,4,-3,-1,-1,0,0
поддерживать,1,9,-8,-1,-1,0,0
прекратить,4,2,-2,-1,1,0,0
принять,7,2,-5,-1,1,0,0
побуждать,2,14,-12,-1,-1,0,0
распространять,4,3,1,1,-1,0,0
поддерживать,6,24,-18,-1,-1,0,0
оставить,1,6,-5,-1,-1,0,0
поддерживать,1,6,-5,-1,-1,0,0
сопровождать,2,5,-3,-1,-1,0,0
вызвать,3,8,-5,-1,-1,0,0
покинуть,1,2,-1,-1,-1,0,0
задушить,3,3,0,0,-1,0,0
планировать,4,4,0,0,1,0,0
ввести,4,2,-2,-1,1,0,0
принимать,2,8,-6,-1,-1,0,0
принимать,2,4,-2,-1,-1,0,0
обсудить,5,3,-2,-1,1,0,0
обсудить,5,5,0,0,1,0,0
провести,1,5,-4,-1,-1,0,0
перевести,1,9,-8,-1,-1,-1,0
принести,1,2,1,1,1,-1,0
провести,2,3,-1,-1,-1,0,0
отправить,1,10,-9,-1,-1,-1,0
обвинить,1,9,-8,-1,-1,0,0
усилить,4,6,-2,-1,-1,0,0
урезать,2,4,-2,-1,-1,0,0
вернуть,2,6,-4,-1,-1,0,0
выпустить,8,2,-6,-1,1,0,0
привезти,3,3,0,0,1,0,0
фиксировать,4,3,-1,-1,1,0,0
покинуть,2,3,-1,-1,-1,0,0
дать,1,2,1,1,1,0,0
продолжить,2,9,-7,-1,-1,0,0
наносить,2,9,-7,-1,-1,0,0
покинуть,2,9,-7,-1,-1,0,0
внедрить,2,3,-1,-1,-1,0,0
продолжать,1,4,-3,-1,-1,0,0
представлять,1,3,-2,-1,-1,-1,0
носить,1,10,-9,-1,-1,0,0
иметь,2,2,0,0,-1,0,0
обойти,3,3,0,0,-1,0,0
сровнять,1,4,-3,-1,-1,-1,0
извлечь,2,2,0,0,1,-1,0
взрыть,1,2,1,1,1,0,0
получить,2,5,-3,-1,-1,0,0
использовать,4,6,-2,-1,-1,0,0
брать,8,2,-6,-1,1,-1,0
совершить,1,4,-3,-1,-1,0,0
выразить,1,21,-20,-1,-1,0,0
направлять,1,7,-6,-1,-1,0,0
посетить,1,3,2,1,1,0,0
провести,8,2,-6,-1,1,0,0
включить,11,6,-5,-1,1,0,0
направить,4,3,-1,-1,1,0,0
выслеживать,1,3,-2,-1,-1,0,0
обнаружить,1,5,-4,-1,-1,-1,0
обстрелять,3,5,-2,-1,-1,0,0
призывать,1,2,-1,-1,-1,0,0
возбудить,2,3,1,1,1,0,0
брать,17,3,-14,-1,1,0,0
брать,17,2,-15,-1,1,-1,0
терять,2,3,1,1,1,0,0
найти,4,3,1,1,-1,0,0
посылать,2,5,-3,-1,-1,0,0
передать,10,2,-8,-1,1,0,0
отменить,3,8,-5,-1,-1,0,0
направить,3,3,0,0,-1,0,0
принять,15,2,-13,-1,1,0,0
вывести,1,3,-2,-1,-1,0,0
обсудить,3,4,1,1,1,0,0
вывести,1,3,-2,-1,-1,0,0
принять,5,4,1,1,-1,0,0
давать,2,4,-2,-1,-1,0,0
изолировать,1,2,-1,-1,-1,0,0
получать,2,6,-4,-1,-1,0,0
заметить,4,2,-2,-1,1,0,0
информировать,1,5,-4,-1,-1,0,0
вывести,2,3,1,1,1,0,0
провести,7,4,3,1,-1,0,0
распространить,24,2,-22,-1,1,0,0
выразить,1,19,-18,-1,-1,0,0
давать,2,8,-6,-1,-1,0,0
организовывать,2,13,-11,-1,-1,0,0
подтолкнуть,1,11,-10,-1,-1,-1,0
принять,5,4,-1,-1,1,0,0
поднять,5,2,3,1,-1,0,0
увеличить,5,6,-1,-1,-1,0,0
поднять,9,4,5,1,-1,0,0
покинуть,7,2,-5,-1,1,0,0
убрать,1,6,-5,-1,-1,0,0
оставить,3,2,1,1,-1,0,0
оставить,1,2,-1,-1,-1,0,0
поднять,5,2,3,1,-1,0,0
увеличить,5,6,-1,-1,-1,0,0
поднять,9,3,6,1,-1,0,0
привести,2,2,0,0,-1,0,0
выпустить,5,3,-2,-1,1,0,0
привлечь,1,17,-16,-1,-1,0,0
принести,2,2,0,0,1,0,0
отобрать,7,2,-5,-1,1,0,0
возбудить,8,9,-1,-1,-1,0,0
изъять,1,2,1,1,1,0,0
сокращать,2,4,-2,-1,-1,0,0
пересаживать,2,4,-2,-1,-1,0,0
принять,9,3,-6,-1,1,0,0
опрокинуть,1,4,-3,-1,-1,0,0
открывать,5,2,-3,-1,1,0,0
отдать,2,9,-7,-1,-1,0,0
проводить,6,2,-4,-1,1,0,0
открывать,4,4,0,0,-1,0,0
приветствовать,1,2,-1,-1,-1,0,0
призывать,4,2,2,1,-1,0,0
возглавлять,3,4,-1,-1,-1,0,0
открыть,4,6,-2,-1,-1,0,0
использовать,2,4,-2,-1,-1,0,0
иметь,5,2,-3,-1,1,0,0
дать,10,6,4,1,-1,0,0
завершить,1,3,-2,-1,-1,0,0
занимать,2,5,-3,-1,-1,0,0
заработать,2,5,-3,-1,-1,0,0
завершить,3,6,-3,-1,-1,0,0
ужесточить,4,5,-1,-1,-1,0,0
ужесточать,1,3,-2,-1,-1,0,0
закрыть,8,7,1,1,-1,0,0
отложить,1,3,-2,-1,-1,0,0
удержать,1,3,-2,-1,-1,-1,0
заверить,1,16,-15,-1,-1,0,0
включать,6,2,-4,-1,1,-1,0
вкладывать,1,4,-3,-1,-1,0,0
удерживать,1,3,-2,-1,-1,0,0
подключить,8,8,0,0,-1,0,0
обеспечить,11,5,-6,-1,1,0,0
убирать,2,2,0,0,1,0,0
снять,1,2,-1,-1,-1,0,0
убрать,2,2,0,0,-1,0,0
защитить,1,4,-3,-1,-1,-1,0
захватить,1,5,-4,-1,-1,0,0
укрепить,4,8,-4,-1,-1,0,0
ставить,2,4,-2,-1,-1,0,0
связывать,1,5,-4,-1,-1,0,0
начать,1,3,2,1,1,0,0
видеть,6,3,-3,-1,1,0,0
убедить,3,3,0,0,1,0,0
захватить,1,2,-1,-1,-1,0,0
осуществить,1,5,-4,-1,-1,0,0
снизить,7,6,1,1,-1,0,0
ощутить,2,2,0,0,1,-1,0
проверять,6,4,2,1,-1,0,0
привезти,3,2,-1,-1,1,-1,0
подразделять,2,3,-1,-1,-1,0,0
увеличить,4,4,0,0,-1,0,0
извлечь,2,4,-2,-1,-1,0,0
получить,1,6,-5,-1,-1,0,0
вынести,3,6,-3,-1,-1,0,0
привести,2,2,0,0,-1,0,0
сократить,4,4,0,0,-1,0,0
иметь,2,2,0,0,1,0,0
получать,6,2,-4,-1,1,0,0
бросать,1,2,-1,-1,-1,0,0
провести,9,7,2,1,-1,0,0
извлекать,1,7,-6,-1,-1,0,0
отключить,5,2,-3,-1,1,0,0
принять,1,3,-2,-1,-1,0,0
видеть,2,2,0,0,1,0,0
выбить,1,3,2,1,1,0,0
предотвратить,2,2,0,0,-1,0,0
влечь,5,2,-3,-1,1,-1,0
поддержать,1,13,-12,-1,-1,0,0
получать,4,9,-5,-1,-1,1,0
вписывать,2,5,-3,-1,-1,0,0
потреблять,1,5,4,1,1,0,0
усмотреть,5,4,-1,-1,1,0,0
сбить,1,9,-8,-1,-1,0,0
привести,1,3,-2,-1,-1,-1,0
использовать,3,4,-1,-1,-1,0,0
отрицать,3,3,0,0,-1,0,0
сократить,1,2,-1,-1,-1,0,0
проводить,2,2,0,0,1,0,0
брать,5,2,-3,-1,1,-1,0
обращать,1,17,-16,-1,-1,1,0
проверить,1,2,-1,-1,-1,0,0
ослаблять,2,2,0,0,-1,0,0
создать,10,2,-8,-1,1,0,0
представить,13,2,-11,-1,1,0,0
обвинить,1,2,-1,-1,-1,0,0
объявить,8,2,-6,-1,1,0,0
вывести,2,10,-8,-1,-1,0,0
провести,5,2,-3,-1,1,0,0
вывести,1,3,-2,-1,-1,0,0
обвинить,1,11,-10,-1,-1,0,0
проводить,1,4,-3,-1,-1,0,0
провести,1,2,-1,-1,-1,0,0
поддерживать,2,13,-11,-1,-1,0,0
получать,4,4,0,0,-1,0,0
определить,8,8,0,0,1,0,0
сократить,2,8,-6,-1,-1,0,0
увеличить,3,4,-1,-1,-1,0,0
иметь,1,14,-13,-1,-1,0,0
сеять,3,3,0,0,1,0,0
сохранить,5,2,-3,-1,1,-1,0
сократить,2,5,-3,-1,-1,0,0
бить,1,8,-7,-1,-1,0,0
организовывать,8,7,-1,-1,1,0,0
превышать,3,3,0,0,-1,0,0
использовать,2,6,-4,-1,-1,0,0
эвакуировать,1,3,-2,-1,-1,0,0
вынимать,1,2,-1,-1,-1,0,0
отвести,2,2,0,0,-1,0,0
менять,1,4,-3,-1,-1,-1,0
вычитать,2,3,-1,-1,-1,0,0
принимать,1,5,-4,-1,-1,-1,0
обрести,1,4,-3,-1,-1,-1,0
громоздить,3,2,-1,-1,1,-1,0
выделить,1,3,-2,-1,-1,0,0
отделить,1,4,-3,-1,-1,-1,0
выхватить,2,2,0,0,1,0,0
терять,2,3,1,1,1,0,0
выпивать,1,5,-4,-1,-1,-1,0
примечать,1,2,-1,-1,-1,-1,0
видеть,4,2,-2,-1,1,0,0
видеть,8,2,-6,-1,1,0,0
вешать,3,4,-1,-1,-1,0,0
разнести,1,3,-2,-1,-1,-1,0
привлечь,1,2,-1,-1,-1,0,0
отражать,2,2,0,0,1,-1,0
звать,1,2,-1,-1,-1,-1,0
называть,2,2,0,0,-1,0,0
гладить,1,2,-1,-1,-1,-1,0
освободить,1,3,-2,-1,-1,-1,0
ощущать,3,2,-1,-1,1,-1,0
брать,3,2,1,1,-1,0,0
звать,1,2,-1,-1,-1,-1,0
рвать,1,3,-2,-1,-1,0,0
трогать,1,2,-1,-1,-1,-1,0
рвать,4,3,1,1,-1,0,0
бросить,2,2,0,0,-1,-1,0
брать,3,3,0,0,-1,-1,0
ставить,1,2,-1,-1,-1,-1,0
выбрать,2,4,2,1,1,-1,0
поймать,2,3,1,1,1,0,0
варить,2,2,0,0,1,-1,0
обмотать,1,2,-1,-1,-1,0,0
запереть,1,2,-1,-1,-1,0,0
видеть,3,2,-1,-1,1,-1,0
заправлять,3,3,0,0,-1,0,0
вынуть,1,2,1,1,1,0,0
поднять,3,2,-1,-1,1,0,0
привести,1,3,-2,-1,-1,0,0
брать,1,3,-2,-1,-1,-1,0
отгонять,1,8,-7,-1,-1,0,0
завязывать,1,2,-1,-1,-1,0,0
продавать,2,2,0,0,1,0,0
занимать,3,2,-1,-1,1,-1,0
поднять,1,2,-1,-1,-1,0,0
окружать,1,3,-2,-1,-1,-1,0
вливать,5,2,-3,-1,1,1,0
занимать,2,3,1,1,1,0,0
держать,1,2,-1,-1,-1,-1,0
делить,1,3,-2,-1,-1,0,0
впустить,1,3,-2,-1,-1,-1,0
записывать,2,2,0,0,1,-1,0
сохранять,1,3,-2,-1,-1,0,0
класть,2,2,0,0,1,0,0
лепетать,2,2,0,0,1,-1,0
вызывать,2,2,0,0,1,-1,0
петь,1,3,-2,-1,-1,0,0
усматривать,9,2,-7,-1,1,-1,0
направить,9,5,-4,-1,1,0,0
выбрать,3,2,-1,-1,1,-1,0
выбрать,3,2,-1,-1,1,-1,0
предложить,21,6,-15,-1,1,0,0
получать,2,2,0,0,-1,0,0
сбивать,1,2,-1,-1,-1,0,0
сменить,1,9,-8,-1,-1,0,0
направить,1,7,-6,-1,-1,-1,0
принять,4,2,-2,-1,1,0,0
пробивать,3,9,-6,-1,-1,0,0
получить,3,2,1,1,-1,0,0
иметь,1,18,-17,-1,-1,0,0
открыть,1,21,-20,-1,-1,1,0
зарывать,2,3,-1,-1,-1,0,0
прекратить,2,4,-2,-1,-1,0,0
благословлять,3,3,0,0,-1,0,0
брать,1,2,1,1,1,-1,0
называть,2,4,2,1,1,0,0
карать,1,2,1,1,1,0,0
показать,14,2,-12,-1,1,0,0
оценить,1,11,-10,-1,-1,-1,0
обращать,1,2,1,1,1,-1,0
вызвать,3,4,-1,-1,-1,0,0
перевести,1,3,-2,-1,-1,-1,0
увести,1,2,1,1,1,0,0
давать,2,5,-3,-1,-1,0,0
увести,1,2,-1,-1,-1,-1,0
принять,26,2,-24,-1,1,0,0
передать,12,6,-6,-1,1,0,0
встретить,3,2,-1,-1,1,0,0
обратить,3,6,-3,-1,-1,0,0
воспринимать,1,10,-9,-1,-1,0,0
воспитывать,8,2,-6,-1,1,0,0
иметь,1,5,-4,-1,-1,0,0
использовать,1,6,-5,-1,-1,-1,0
освободить,1,5,-4,-1,-1,0,0
вернуть,1,3,-2,-1,-1,-1,0
составлять,2,3,-1,-1,-1,0,0
вести,1,5,-4,-1,-1,0,0
иметь,1,7,-6,-1,-1,0,0
завоевать,2,4,-2,-1,-1,0,0
преобразовывать,1,6,-5,-1,-1,-1,0
снижать,2,4,-2,-1,-1,0,0
включить,2,3,1,1,1,0,0
набрать,4,3,-1,-1,1,0,0
двигать,8,7,1,1,-1,0,0
оставлять,2,3,-1,-1,-1,0,0
сровнять,5,6,-1,-1,-1,0,0
оставлять,2,2,0,0,1,-1,0
давать,5,2,-3,-1,1,0,0
внедрить,8,2,-6,-1,1,0,0
повысить,3,4,-1,-1,-1,0,0
внедрить,2,3,-1,-1,-1,0,0
концентрировать,3,3,0,0,-1,0,0
пригласить,4,2,-2,-1,1,0,0
вырезать,2,3,-1,-1,-1,0,0
демонстрировать,7,3,-4,-1,1,1,0
воплотить,3,3,0,0,-1,0,0
пройти,2,4,-2,-1,-1,0,0
опередить,2,3,-1,-1,-1,0,0
ставить,3,2,-1,-1,1,0,0
срезать,3,4,-1,-1,-1,0,0
внедрить,2,5,-3,-1,-1,0,0
бросить,2,4,-2,-1,-1,0,0
ставить,1,3,-2,-1,-1,0,0
отгонять,1,3,-2,-1,-1,0,0
оттеснять,4,3,-1,-1,1,0,0
создать,1,2,1,1,1,0,0
протолкнуть,1,2,-1,-1,-1,0,0
заполнять,1,2,-1,-1,-1,-1,0
вытеснять,1,3,-2,-1,-1,0,0
получать,1,7,-6,-1,-1,0,0
создавать,2,2,0,0,-1,0,0
создавать,2,2,0,0,1,-1,0
делать,2,2,0,0,1,0,0
вытачивать,1,3,-2,-1,-1,-1,0
греть,1,10,-9,-1,-1,-1,0
вывести,1,4,-3,-1,-1,0,0
протолкнуть,7,3,-4,-1,1,0,0
извлечь,1,2,-1,-1,-1,0,0
нести,1,7,-6,-1,-1,0,0
брать,4,2,-2,-1,1,-1,0
выбрать,1,5,-4,-1,-1,0,0
отдавать,3,3,0,0,-1,0,0
ввести,2,3,1,1,1,0,0
приобретать,2,4,-2,-1,-1,0,0
спасать,1,3,-2,-1,-1,0,0
изменять,1,10,-9,-1,-1,0,0
внести,3,4,-1,-1,-1,0,0
иметь,6,7,-1,-1,-1,0,0
получить,6,9,-3,-1,-1,0,0
защитить,1,6,-5,-1,-1,0,0
представлять,1,4,-3,-1,-1,0,0
соединить,10,8,2,1,-1,0,0
получить,1,2,1,1,1,-1,0
отжимать,1,2,1,1,1,-1,0
добывать,1,3,-2,-1,-1,0,0
превратить,2,3,-1,-1,-1,0,0
прокачивать,1,2,-1,-1,-1,0,0
использовать,4,4,0,0,-1,0,0
выбирать,2,4,-2,-1,-1,0,0
впитать,6,2,-4,-1,1,-1,0
видеть,3,4,-1,-1,-1,0,0
использовать,2,19,-17,-1,-1,0,0
превращать,4,3,1,1,-1,0,0
начинать,3,8,-5,-1,-1,0,0
играть,2,6,-4,-1,-1,0,0
находить,2,9,-7,-1,-1,0,0
использовать,1,18,-17,-1,-1,-1,0
определить,5,5,0,0,1,0,0
повысить,2,5,-3,-1,-1,0,0
найти,1,3,-2,-1,-1,0,0
сохранять,3,6,-3,-1,-1,0,0
перевести,2,4,-2,-1,-1,0,0
повысить,5,10,-5,-1,-1,0,0
перерабатывать,4,2,-2,-1,1,0,0
добавить,2,2,0,0,1,0,0
присоединять,2,3,1,1,1,0,0
строить,1,18,-17,-1,-1,0,0
вставить,3,4,1,1,1,0,0
захватывать,1,3,-2,-1,-1,0,0
захватывать,2,2,0,0,1,0,0
отдать,1,2,1,1,1,0,0
прокачивать,1,5,-4,-1,-1,0,0
влечь,1,2,1,1,1,-1,0
сдвигать,1,5,-4,-1,-1,-1,0
иметь,1,10,-9,-1,-1,0,0
разделять,1,5,-4,-1,-1,0,0
разделять,5,10,-5,-1,-1,0,0
приблизить,1,4,-3,-1,-1,-1,0
вести,1,5,-4,-1,-1,0,0
пускать,1,2,-1,-1,-1,-1,0
помещать,1,2,-1,-1,-1,-1,0
делать,2,21,-19,-1,-1,-1,0
переносить,1,3,2,1,1,0,0
делать,1,5,-4,-1,-1,0,0
использовать,5,4,1,1,-1,0,0
вытягивать,3,5,2,1,1,0,0
транспортировать,1,3,-2,-1,-1,0,0
отделить,4,5,-1,-1,-1,0,0
извлекать,2,3,1,1,1,0,0
отдавать,1,4,-3,-1,-1,-1,0
пройти,2,3,-1,-1,-1,0,0
вкладывать,2,5,-3,-1,-1,0,0
дать,3,5,-2,-1,-1,0,0
обеспечивать,5,4,-1,-1,1,0,0
менять,1,10,-9,-1,-1,-1,0
сопоставить,2,4,-2,-1,-1,0,0
окончить,2,4,-2,-1,-1,0,0
опубликовать,1,3,-2,-1,-1,-1,0
обсудить,2,2,0,0,-1,0,0
вызвать,3,3,0,0,-1,0,0
строить,6,10,-4,-1,-1,0,0
разрешить,1,4,-3,-1,-1,-1,0
видеть,3,2,-1,-1,1,-1,0
выдвинуть,2,4,-2,-1,-1,0,0
обрекать,1,3,-2,-1,-1,-1,0
распространять,2,4,-2,-1,-1,0,0
клеймить,7,4,3,1,-1,0,0
собирать,3,5,-2,-1,-1,0,0
носить,2,9,-7,-1,-1,0,0
объединять,4,3,-1,-1,1,0,0
консолидировать,9,13,-4,-1,-1,0,0
провозгласить,3,6,-3,-1,-1,0,0
учитывать,3,11,-8,-1,-1,0,0
создать,7,6,1,1,-1,0,0
открыть,10,2,-8,-1,1,0,0
сводить,2,3,-1,-1,-1,1,0
свести,1,2,-1,-1,-1,0,0
брать,15,2,-13,-1,1,-1,0
получать,1,2,1,1,1,0,0
совмещать,4,2,2,1,-1,0,0
делегировать,3,4,-1,-1,-1,0,0
брать,10,2,-8,-1,1,0,0
представить,2,4,-2,-1,-1,0,0
представлять,1,3,-2,-1,-1,0,0
воспроизводить,4,3,1,1,-1,-1,0
ставить,6,3,-3,-1,1,0,0
выбирать,1,5,-4,-1,-1,0,0
наблюдать,2,3,-1,-1,-1,0,0
выводить,1,3,-2,-1,-1,-1,0
просить,1,2,-1,-1,-1,-1,0
координировать,1,5,-4,-1,-1,-1,0
ставить,6,3,-3,-1,1,0,0
вычеркивать,4,2,-2,-1,1,0,0
передать,3,3,0,0,-1,0,0
привлекать,8,2,-6,-1,1,-1,0
иметь,8,3,-5,-1,1,0,0
осваивать,3,2,1,1,-1,0,0
проводить,1,18,-17,-1,-1,0,0
ставить,2,2,0,0,-1,0,0
изыскать,4,4,0,0,-1,0,0
выполнять,2,3,1,1,1,0,0
включать,2,2,0,0,1,-1,0
передать,2,2,0,0,-1,0,0
вводить,1,2,-1,-1,-1,-1,0
вызвать,3,2,-1,-1,1,0,0
набирать,1,8,-7,-1,-1,0,0
возвести,1,5,-4,-1,-1,-1,0
приложить,1,15,-14,-1,-1,1,0
предупреждать,1,5,-4,-1,-1,0,0
скрывать,5,4,-1,-1,1,0,0
превращать,1,3,-2,-1,-1,-1,0
предостерегать,1,3,-2,-1,-1,-1,0
закрывать,1,10,-9,-1,-1,0,0
выпускать,1,2,1,1,1,0,0
терять,1,2,1,1,1,0,0
закрывать,1,10,-9,-1,-1,1,0
вызвать,5,2,-3,-1,1,0,0
доказывать,8,2,6,1,-1,0,0
обвинять,8,2,-6,-1,1,-1,0
содержать,4,2,-2,-1,1,-1,0
оценивать,2,5,-3,-1,-1,0,0
поднять,5,10,-5,-1,-1,0,0
видеть,14,2,-12,-1,1,-1,0
заострить,1,12,-11,-1,-1,0,0
обеспечивать,6,2,-4,-1,1,0,0
воспитывать,2,4,-2,-1,-1,0,0
брать,4,2,-2,-1,1,0,0
занимать,8,4,-4,-1,1,0,0
строить,1,13,-12,-1,-1,0,0
соединить,3,11,-8,-1,-1,0,0
взвешивать,10,3,-7,-1,1,0,0
занять,3,5,2,1,1,0,0
превзойти,1,11,-10,-1,-1,0,0
выявить,1,19,-18,-1,-1,-1,0
ставить,4,11,-7,-1,-1,0,0
обеспечить,10,3,-7,-1,1,0,0
изменить,2,10,-8,-1,-1,0,0
прибавить,3,3,0,0,1,0,0
сохранить,11,3,-8,-1,1,0,0
отправить,7,2,-5,-1,1,0,0
предостеречь,1,5,-4,-1,-1,-1,0
иметь,2,3,-1,-1,-1,0,0
соотносить,1,11,-10,-1,-1,-1,0
обратить,3,3,0,0,-1,0,0
назначить,16,2,-14,-1,1,0,0
получить,1,15,-14,-1,-1,0,0
объединить,3,4,1,1,1,0,0
иметь,2,2,0,0,1,0,0
любить,1,4,-3,-1,-1,0,0
лепить,1,2,-1,-1,-1,0,0
печь,4,3,1,1,-1,0,0
выносить,3,3,0,0,1,0,0
мастерить,1,7,-6,-1,-1,0,0
купить,2,4,2,1,1,0,0
донести,1,2,1,1,1,0,0
катить,1,2,-1,-1,-1,-1,0
выставить,1,2,-1,-1,-1,0,0
ревновать,1,9,-8,-1,-1,-1,0
обдувать,2,2,0,0,-1,0,0
тырить,3,3,0,0,-1,0,0
привозить,3,2,-1,-1,1,0,0
ощутить,3,2,-1,-1,1,-1,0
клюнуть,1,3,-2,-1,-1,0,0
ломать,1,4,-3,-1,-1,0,0
посвящать,1,3,-2,-1,-1,-1,0
установить,2,6,4,1,1,0,0
видеть,1,2,-1,-1,-1,-1,0
отдать,4,2,-2,-1,1,0,0
проводить,4,2,-2,-1,1,0,0
видеть,3,2,-1,-1,1,0,0
пускать,2,4,-2,-1,-1,0,0
отделять,1,3,-2,-1,-1,-1,0
встречать,1,3,-2,-1,-1,-1,0
отделять,1,9,-8,-1,-1,-1,0
нести,7,2,-5,-1,1,-1,0
сжечь,2,2,0,0,1,0,0
швырять,1,7,-6,-1,-1,-1,0
бросать,1,2,-1,-1,-1,0,0
проговорить,1,6,-5,-1,-1,-1,0
сжимать,2,2,0,0,1,0,0
отбросить,1,3,-2,-1,-1,0,0
запускать,1,2,-1,-1,-1,-1,0
отхаркнуть,3,9,6,1,1,0,0
скрывать,4,5,1,1,1,-1,0
поднять,1,2,1,1,1,0,0
собрать,2,2,0,0,1,0,0
таить,1,2,1,1,1,-1,0
вызывать,14,2,-12,-1,1,0,0
угадать,5,4,1,1,-1,0,0
отыскать,16,5,-11,-1,1,0,0
воспринять,4,4,0,0,-1,0,0
вызывать,1,2,1,1,1,-1,0
прикрепить,2,4,2,1,1,0,0
насыпать,1,2,1,1,1,-1,0
кидать,2,2,0,0,1,0,0
таскать,2,3,-1,-1,-1,0,0
сдавать,1,4,-3,-1,-1,-1,0
свести,1,2,-1,-1,-1,0,0
открыть,4,2,-2,-1,1,0,0
подпускать,1,3,-2,-1,-1,0,0
выколачивать,1,3,-2,-1,-1,0,0
отыскать,5,3,-2,-1,1,0,0
клянчить,1,3,-2,-1,-1,0,0
принимать,2,3,-1,-1,-1,0,0
оповещать,1,2,-1,-1,-1,0,0
достать,1,2,-1,-1,-1,0,0
смести,5,2,-3,-1,1,0,0
совать,1,2,-1,-1,-1,-1,0
беречь,1,2,-1,-1,-1,-1,0
выискивать,3,7,-4,-1,-1,0,0
сложить,1,2,1,1,1,-1,0
настичь,1,2,-1,-1,-1,-1,0
открывать,11,2,-9,-1,1,-1,0
разлучить,1,6,-5,-1,-1,-1,0
брать,5,4,1,1,-1,0,0
повернуть,5,2,-3,-1,1,-1,0
варить,1,4,-3,-1,-1,0,0
видеть,5,15,-10,-1,-1,0,0
протягивать,1,3,-2,-1,-1,0,0
завести,1,3,-2,-1,-1,-1,0
менять,2,5,-3,-1,-1,0,0
вытряхнуть,1,2,-1,-1,-1,0,0
выкроить,2,2,0,0,-1,0,0
укреплять,1,2,-1,-1,-1,-1,0
вколачивать,1,2,-1,-1,-1,0,0
выдрать,1,2,-1,-1,-1,-1,0
выковыривать,2,2,0,0,1,0,0
вложить,5,3,-2,-1,1,0,0
поднять,2,3,1,1,1,0,0
опознать,4,6,-2,-1,-1,0,0
превращать,1,2,-1,-1,-1,0,0
добавить,7,3,-4,-1,1,0,0
представить,5,2,-3,-1,1,0,0
поддержать,2,4,-2,-1,-1,0,0
возглавить,2,4,-2,-1,-1,0,0
создать,1,3,2,1,1,0,0
задушить,2,2,0,0,1,-1,0
отдавать,1,2,-1,-1,-1,0,0
сравнить,2,7,-5,-1,-1,0,0
любить,3,2,-1,-1,1,0,0
начать,3,3,0,0,-1,0,0
найти,3,4,-1,-1,-1,0,0
класть,1,8,-7,-1,-1,-1,0
выкладывать,1,2,-1,-1,-1,0,0
выложить,1,2,-1,-1,-1,0,0
поставить,1,2,-1,-1,-1,-1,0
лизать,1,2,-1,-1,-1,0,0
прижать,1,3,-2,-1,-1,0,0
приготовить,2,2,0,0,1,0,0
делать,2,4,-2,-1,-1,0,0
нанимать,7,2,-5,-1,1,0,0
ждать,1,2,-1,-1,-1,-1,0
раздавать,3,6,-3,-1,-1,0,0
получать,3,2,1,1,-1,0,0
иметь,17,5,-12,-1,1,0,0
потерять,1,2,-1,-1,-1,0,0
поздравлять,1,3,-2,-1,-1,-1,0
сравнивать,3,2,1,1,-1,0,0
видеть,5,2,-3,-1,1,0,0
брать,1,2,1,1,1,0,0
купить,2,2,0,0,1,0,0
повязать,2,3,1,1,1,0,0
поднять,1,3,2,1,1,0,0
отнять,1,2,1,1,1,-1,0
найти,1,4,-3,-1,-1,0,0
поставить,35,4,-31,-1,1,0,0
жертвовать,2,4,-2,-1,-1,0,0
сделать,20,2,-18,-1,1,-1,0
запрещать,1,13,-12,-1,-1,0,0
поблагодарить,1,4,-3,-1,-1,-1,0
стоять,1,2,1,1,1,0,0
держать,4,2,-2,-1,1,0,0
проводить,1,3,-2,-1,-1,-1,0
наломать,4,3,-1,-1,1,0,0
выбрать,1,3,-2,-1,-1,0,0
сплетать,4,3,-1,-1,1,0,0
ронять,1,3,-2,-1,-1,0,0
Проливать,1,3,-2,-1,-1,0,0
вести,3,3,0,0,1,0,0
лепить,1,3,-2,-1,-1,0,0
клонить,2,2,0,0,-1,0,0
представлять,1,4,-3,-1,-1,0,0
представлять,2,7,-5,-1,-1,0,0
пробовать,2,2,0,0,-1,0,0
распахнуть,1,2,-1,-1,-1,0,0
ронять,1,5,-4,-1,-1,0,0
отвратить,1,6,-5,-1,-1,-1,0
гнать,4,4,0,0,-1,0,0
попросить,3,2,-1,-1,1,0,0
прижать,6,2,-4,-1,1,0,0
жаждать,1,2,1,1,1,1,0
видеть,1,2,-1,-1,-1,0,0
писать,2,4,-2,-1,-1,-1,0
оставить,1,6,-5,-1,-1,0,0
совершить,1,2,1,1,1,-1,0
высидеть,1,2,-1,-1,-1,0,0
выпить,2,8,-6,-1,-1,0,0
играть,8,3,5,1,-1,0,0
